217, 242, 1107, 788, 400, 291, 0.6229, -1, -1, -1
218, 242, 1097, 756, 404, 322, 0.8686, -1, -1, -1
219, 242, 1097, 723, 389, 311, 0.8856, -1, -1, -1
220, 242, 1095, 706, 391, 296, 0.9014, -1, -1, -1
221, 242, 1087, 671, 387, 304, 0.8924, -1, -1, -1
222, 242, 1080, 649, 375, 287, 0.9284, -1, -1, -1
223, 242, 1077, 621, 367, 292, 0.8933, -1, -1, -1
224, 242, 1072, 605, 363, 273, 0.9257, -1, -1, -1
225, 242, 1066, 574, 352, 283, 0.8773, -1, -1, -1
226, 242, 1051, 557, 350, 268, 0.9309, -1, -1, -1
227, 242, 1034, 539, 345, 265, 0.8882, -1, -1, -1
228, 242, 1027, 518, 337, 260, 0.8908, -1, -1, -1
229, 242, 1024, 505, 325, 254, 0.9137, -1, -1, -1
230, 242, 1012, 483, 318, 253, 0.8821, -1, -1, -1
231, 242, 999, 464, 319, 254, 0.8495, -1, -1, -1
232, 242, 983, 456, 315, 244, 0.9042, -1, -1, -1
233, 242, 976, 432, 307, 246, 0.8765, -1, -1, -1
234, 242, 972, 426, 299, 234, 0.8660, -1, -1, -1
235, 242, 959, 410, 293, 228, 0.8471, -1, -1, -1
236, 242, 959, 403, 288, 219, 0.8636, -1, -1, -1
237, 242, 946, 386, 290, 220, 0.8551, -1, -1, -1
238, 242, 940, 380, 281, 214, 0.8126, -1, -1, -1
239, 242, 937, 358, 270, 223, 0.8666, -1, -1, -1
240, 242, 933, 355, 265, 206, 0.8961, -1, -1, -1
241, 242, 931, 346, 260, 205, 0.9027, -1, -1, -1
242, 242, 926, 335, 256, 202, 0.8395, -1, -1, -1
243, 242, 926, 325, 251, 193, 0.8967, -1, -1, -1
244, 242, 920, 312, 252, 194, 0.9098, -1, -1, -1
245, 242, 916, 307, 246, 187, 0.9054, -1, -1, -1
246, 242, 918, 300, 237, 185, 0.8706, -1, -1, -1
247, 242, 916, 294, 233, 181, 0.8366, -1, -1, -1
248, 242, 914, 284, 234, 181, 0.8836, -1, -1, -1
249, 242, 913, 278, 230, 181, 0.8988, -1, -1, -1
250, 242, 912, 271, 222, 177, 0.8877, -1, -1, -1
251, 242, 909, 265, 220, 177, 0.8608, -1, -1, -1
252, 242, 909, 259, 216, 175, 0.8807, -1, -1, -1
253, 242, 907, 255, 214, 170, 0.8107, -1, -1, -1
254, 242, 905, 249, 212, 172, 0.8226, -1, -1, -1
255, 242, 900, 243, 208, 166, 0.8276, -1, -1, -1
256, 242, 900, 239, 205, 166, 0.8510, -1, -1, -1
257, 242, 898, 234, 203, 162, 0.8452, -1, -1, -1
258, 242, 895, 230, 202, 163, 0.8169, -1, -1, -1
259, 242, 893, 226, 200, 159, 0.8433, -1, -1, -1
260, 242, 892, 224, 197, 155, 0.8740, -1, -1, -1
261, 242, 891, 217, 193, 155, 0.8545, -1, -1, -1
262, 242, 890, 210, 188, 158, 0.8351, -1, -1, -1
263, 242, 887, 206, 187, 156, 0.8188, -1, -1, -1
264, 242, 886, 205, 187, 147, 0.8498, -1, -1, -1
265, 242, 883, 199, 187, 149, 0.8393, -1, -1, -1
266, 242, 881, 196, 184, 147, 0.8559, -1, -1, -1
267, 242, 876, 191, 185, 148, 0.8369, -1, -1, -1
268, 242, 877, 187, 182, 145, 0.8604, -1, -1, -1
269, 242, 876, 184, 178, 140, 0.8834, -1, -1, -1
270, 242, 874, 178, 177, 140, 0.8864, -1, -1, -1
271, 242, 874, 178, 175, 141, 0.8619, -1, -1, -1
272, 242, 872, 171, 176, 142, 0.8666, -1, -1, -1
273, 242, 871, 170, 173, 136, 0.8506, -1, -1, -1
274, 242, 872, 167, 170, 132, 0.8779, -1, -1, -1
275, 242, 871, 163, 168, 132, 0.8917, -1, -1, -1
276, 242, 869, 160, 166, 132, 0.9020, -1, -1, -1
277, 242, 870, 158, 164, 130, 0.8828, -1, -1, -1
278, 242, 869, 157, 161, 128, 0.8793, -1, -1, -1
279, 242, 869, 155, 159, 126, 0.8466, -1, -1, -1
280, 242, 867, 150, 158, 127, 0.8311, -1, -1, -1
281, 242, 866, 146, 158, 129, 0.8495, -1, -1, -1
282, 242, 865, 145, 156, 125, 0.8515, -1, -1, -1
283, 242, 865, 143, 154, 125, 0.8284, -1, -1, -1
284, 242, 866, 136, 154, 133, 0.8461, -1, -1, -1
285, 242, 866, 136, 152, 129, 0.8478, -1, -1, -1
286, 242, 865, 135, 149, 126, 0.8602, -1, -1, -1
287, 242, 864, 134, 149, 122, 0.8505, -1, -1, -1
288, 242, 864, 132, 149, 118, 0.8489, -1, -1, -1
289, 242, 864, 131, 147, 116, 0.8612, -1, -1, -1
290, 242, 862, 131, 147, 114, 0.8579, -1, -1, -1
291, 242, 861, 128, 146, 117, 0.8519, -1, -1, -1
292, 242, 862, 129, 138, 116, 0.8426, -1, -1, -1
293, 242, 859, 124, 140, 118, 0.8509, -1, -1, -1
294, 242, 856, 122, 140, 115, 0.8619, -1, -1, -1
295, 242, 858, 121, 138, 115, 0.8556, -1, -1, -1
296, 242, 854, 113, 140, 122, 0.8190, -1, -1, -1
297, 242, 854, 112, 138, 118, 0.8326, -1, -1, -1
298, 242, 852, 108, 137, 118, 0.8415, -1, -1, -1
299, 242, 851, 107, 136, 114, 0.8145, -1, -1, -1
300, 242, 849, 105, 140, 115, 0.8105, -1, -1, -1
301, 242, 849, 101, 135, 118, 0.8112, -1, -1, -1
302, 242, 849, 99, 136, 115, 0.8250, -1, -1, -1
303, 242, 846, 99, 137, 113, 0.8161, -1, -1, -1
304, 242, 848, 96, 136, 114, 0.8085, -1, -1, -1
305, 242, 846, 92, 137, 116, 0.8033, -1, -1, -1
306, 242, 844, 91, 132, 113, 0.8309, -1, -1, -1
307, 242, 844, 90, 131, 111, 0.8284, -1, -1, -1
308, 242, 842, 84, 132, 114, 0.8315, -1, -1, -1
309, 242, 842, 83, 132, 113, 0.8219, -1, -1, -1
310, 242, 839, 80, 133, 116, 0.8056, -1, -1, -1
311, 242, 839, 78, 134, 116, 0.8139, -1, -1, -1
312, 242, 839, 78, 132, 113, 0.8254, -1, -1, -1
313, 242, 837, 77, 130, 113, 0.8336, -1, -1, -1
314, 242, 836, 74, 131, 115, 0.8255, -1, -1, -1
315, 242, 836, 71, 131, 116, 0.8588, -1, -1, -1
316, 242, 835, 72, 130, 115, 0.7903, -1, -1, -1
317, 242, 833, 71, 128, 115, 0.7981, -1, -1, -1
318, 242, 832, 72, 130, 109, 0.7227, -1, -1, -1
319, 242, 830, 71, 131, 109, 0.7063, -1, -1, -1
320, 242, 831, 70, 128, 107, 0.6111, -1, -1, -1
322, 242, 830, 67, 125, 107, 0.6061, -1, -1, -1
419, 243, 691, 62, 128, 110, 0.6514, -1, -1, -1
421, 244, 690, 59, 131, 117, 0.6495, -1, -1, -1
422, 244, 694, 59, 127, 116, 0.6909, -1, -1, -1
422, 245, 1293, 118, 298, 164, 0.7032, -1, -1, -1
423, 244, 694, 63, 126, 112, 0.7007, -1, -1, -1
423, 245, 1291, 117, 299, 165, 0.8591, -1, -1, -1
424, 244, 694, 66, 124, 108, 0.6958, -1, -1, -1
424, 245, 1287, 118, 299, 165, 0.8894, -1, -1, -1
425, 244, 693, 68, 128, 106, 0.8053, -1, -1, -1
425, 245, 1286, 118, 296, 165, 0.8836, -1, -1, -1
426, 244, 693, 69, 130, 104, 0.8063, -1, -1, -1
426, 245, 1292, 122, 283, 164, 0.9045, -1, -1, -1
427, 244, 694, 73, 128, 103, 0.7660, -1, -1, -1
427, 245, 1289, 122, 285, 163, 0.9252, -1, -1, -1
428, 244, 693, 72, 131, 105, 0.8283, -1, -1, -1
428, 245, 1286, 122, 286, 164, 0.9112, -1, -1, -1
429, 244, 693, 75, 128, 104, 0.8018, -1, -1, -1
429, 245, 1280, 118, 291, 165, 0.9074, -1, -1, -1
430, 244, 691, 74, 132, 107, 0.8512, -1, -1, -1
430, 245, 1278, 119, 292, 165, 0.9081, -1, -1, -1
431, 244, 691, 75, 132, 107, 0.8547, -1, -1, -1
431, 245, 1279, 119, 292, 166, 0.9070, -1, -1, -1
432, 244, 691, 76, 131, 110, 0.7998, -1, -1, -1
432, 245, 1279, 120, 292, 166, 0.9065, -1, -1, -1
433, 244, 687, 74, 135, 112, 0.8277, -1, -1, -1
433, 245, 1285, 122, 284, 164, 0.9089, -1, -1, -1
434, 244, 685, 73, 136, 115, 0.8349, -1, -1, -1
434, 245, 1285, 122, 285, 164, 0.9119, -1, -1, -1
435, 244, 687, 76, 134, 113, 0.8346, -1, -1, -1
435, 245, 1286, 123, 284, 165, 0.9134, -1, -1, -1
436, 244, 687, 79, 135, 112, 0.8491, -1, -1, -1
436, 245, 1286, 123, 284, 165, 0.9078, -1, -1, -1
437, 244, 686, 76, 136, 115, 0.8500, -1, -1, -1
437, 245, 1286, 123, 284, 165, 0.9106, -1, -1, -1
438, 244, 686, 78, 136, 114, 0.8458, -1, -1, -1
438, 245, 1286, 123, 284, 165, 0.9103, -1, -1, -1
439, 244, 686, 79, 136, 115, 0.8497, -1, -1, -1
439, 245, 1286, 123, 284, 165, 0.9097, -1, -1, -1
440, 244, 684, 77, 138, 117, 0.8629, -1, -1, -1
440, 245, 1286, 123, 283, 165, 0.9087, -1, -1, -1
441, 244, 684, 79, 138, 116, 0.8826, -1, -1, -1
441, 245, 1286, 123, 284, 165, 0.8951, -1, -1, -1
442, 244, 684, 78, 138, 118, 0.8479, -1, -1, -1
442, 245, 1285, 123, 284, 165, 0.8956, -1, -1, -1
443, 244, 683, 79, 136, 116, 0.8644, -1, -1, -1
443, 245, 1279, 119, 291, 166, 0.8989, -1, -1, -1
444, 244, 682, 80, 137, 117, 0.9000, -1, -1, -1
444, 245, 1279, 119, 291, 167, 0.8946, -1, -1, -1
445, 244, 680, 80, 138, 118, 0.9070, -1, -1, -1
445, 245, 1279, 119, 292, 167, 0.8954, -1, -1, -1
446, 244, 680, 83, 137, 121, 0.9070, -1, -1, -1
446, 245, 1280, 119, 292, 166, 0.8941, -1, -1, -1
447, 244, 678, 84, 138, 123, 0.8867, -1, -1, -1
447, 245, 1278, 120, 292, 166, 0.9007, -1, -1, -1
448, 244, 678, 84, 138, 124, 0.8887, -1, -1, -1
448, 245, 1279, 119, 292, 166, 0.8984, -1, -1, -1
449, 244, 677, 86, 136, 122, 0.8909, -1, -1, -1
449, 245, 1278, 120, 291, 166, 0.8956, -1, -1, -1
450, 244, 675, 90, 136, 120, 0.8886, -1, -1, -1
450, 245, 1278, 119, 291, 166, 0.8955, -1, -1, -1
451, 244, 675, 97, 135, 113, 0.8378, -1, -1, -1
451, 245, 1278, 119, 291, 166, 0.8968, -1, -1, -1
452, 244, 673, 97, 136, 114, 0.8424, -1, -1, -1
452, 245, 1278, 119, 292, 166, 0.8987, -1, -1, -1
453, 244, 672, 98, 137, 115, 0.8554, -1, -1, -1
453, 245, 1278, 119, 292, 166, 0.8999, -1, -1, -1
454, 244, 672, 95, 138, 119, 0.8504, -1, -1, -1
454, 245, 1278, 119, 291, 166, 0.8996, -1, -1, -1
455, 244, 672, 97, 139, 120, 0.8570, -1, -1, -1
455, 245, 1278, 119, 292, 166, 0.9009, -1, -1, -1
456, 244, 670, 101, 139, 118, 0.8509, -1, -1, -1
456, 245, 1279, 119, 291, 166, 0.8968, -1, -1, -1
457, 244, 669, 104, 141, 117, 0.8510, -1, -1, -1
457, 245, 1279, 120, 292, 166, 0.9026, -1, -1, -1
458, 244, 669, 110, 140, 113, 0.8866, -1, -1, -1
458, 245, 1280, 120, 291, 167, 0.8995, -1, -1, -1
459, 244, 670, 112, 140, 113, 0.8650, -1, -1, -1
459, 245, 1280, 120, 291, 167, 0.8994, -1, -1, -1
460, 244, 670, 113, 140, 116, 0.8631, -1, -1, -1
460, 245, 1280, 120, 291, 167, 0.8984, -1, -1, -1
461, 244, 668, 113, 141, 118, 0.8666, -1, -1, -1
461, 245, 1280, 120, 291, 167, 0.8978, -1, -1, -1
462, 244, 669, 118, 138, 114, 0.8779, -1, -1, -1
462, 245, 1280, 120, 291, 167, 0.8990, -1, -1, -1
463, 245, 1280, 120, 291, 167, 0.8992, -1, -1, -1
464, 245, 1280, 120, 291, 167, 0.8990, -1, -1, -1
465, 245, 1280, 120, 291, 167, 0.8990, -1, -1, -1
466, 245, 1280, 119, 292, 167, 0.8996, -1, -1, -1
467, 245, 1279, 119, 292, 166, 0.9011, -1, -1, -1
468, 245, 1279, 120, 291, 166, 0.9003, -1, -1, -1
469, 245, 1279, 120, 292, 167, 0.9005, -1, -1, -1
470, 245, 1278, 119, 291, 166, 0.8993, -1, -1, -1
471, 245, 1278, 119, 292, 166, 0.9027, -1, -1, -1
472, 245, 1278, 119, 292, 166, 0.9005, -1, -1, -1
473, 245, 1278, 119, 292, 166, 0.9009, -1, -1, -1
473, 246, 681, 65, 134, 108, 0.7327, -1, -1, -1
474, 245, 1279, 119, 292, 166, 0.8996, -1, -1, -1
474, 246, 681, 65, 133, 105, 0.8455, -1, -1, -1
475, 245, 1277, 120, 292, 166, 0.8960, -1, -1, -1
475, 246, 684, 64, 130, 106, 0.8673, -1, -1, -1
476, 245, 1277, 119, 292, 166, 0.8966, -1, -1, -1
476, 246, 684, 65, 128, 109, 0.8797, -1, -1, -1
477, 245, 1278, 119, 292, 166, 0.8934, -1, -1, -1
477, 246, 683, 66, 128, 109, 0.8983, -1, -1, -1
478, 245, 1278, 119, 292, 166, 0.8936, -1, -1, -1
478, 246, 686, 68, 127, 106, 0.8900, -1, -1, -1
479, 245, 1279, 119, 292, 166, 0.8935, -1, -1, -1
479, 246, 685, 71, 127, 106, 0.8992, -1, -1, -1
480, 245, 1280, 119, 291, 165, 0.8957, -1, -1, -1
480, 246, 686, 72, 128, 106, 0.9055, -1, -1, -1
481, 245, 1285, 123, 286, 164, 0.8994, -1, -1, -1
481, 246, 685, 72, 130, 110, 0.9114, -1, -1, -1
482, 245, 1281, 120, 290, 166, 0.8948, -1, -1, -1
482, 246, 684, 73, 131, 113, 0.9202, -1, -1, -1
483, 245, 1286, 123, 286, 164, 0.8962, -1, -1, -1
483, 246, 685, 73, 132, 113, 0.9110, -1, -1, -1
484, 245, 1286, 123, 286, 164, 0.9007, -1, -1, -1
484, 246, 684, 73, 133, 113, 0.9111, -1, -1, -1
485, 245, 1286, 123, 286, 164, 0.9032, -1, -1, -1
485, 246, 684, 74, 134, 115, 0.9224, -1, -1, -1
486, 245, 1285, 123, 284, 165, 0.8991, -1, -1, -1
486, 246, 685, 78, 131, 110, 0.9161, -1, -1, -1
487, 245, 1281, 120, 290, 167, 0.8935, -1, -1, -1
487, 246, 685, 77, 133, 112, 0.9098, -1, -1, -1
488, 245, 1279, 120, 291, 166, 0.8974, -1, -1, -1
488, 246, 686, 77, 134, 114, 0.9013, -1, -1, -1
489, 245, 1279, 119, 291, 166, 0.8997, -1, -1, -1
489, 246, 684, 78, 135, 114, 0.9004, -1, -1, -1
490, 245, 1280, 119, 291, 166, 0.8987, -1, -1, -1
490, 246, 683, 78, 136, 115, 0.9020, -1, -1, -1
490, 247, 642, 171, 178, 145, 0.8785, -1, -1, -1
491, 245, 1280, 120, 291, 167, 0.8995, -1, -1, -1
491, 246, 681, 79, 137, 117, 0.9150, -1, -1, -1
491, 247, 640, 174, 179, 147, 0.8692, -1, -1, -1
492, 245, 1284, 123, 286, 164, 0.9044, -1, -1, -1
492, 246, 680, 78, 137, 119, 0.9208, -1, -1, -1
492, 247, 639, 176, 181, 147, 0.8826, -1, -1, -1
493, 245, 1279, 120, 291, 166, 0.8984, -1, -1, -1
493, 246, 680, 79, 136, 120, 0.9323, -1, -1, -1
493, 247, 637, 180, 184, 148, 0.8934, -1, -1, -1
494, 245, 1278, 119, 291, 166, 0.8984, -1, -1, -1
494, 246, 679, 82, 138, 121, 0.9277, -1, -1, -1
494, 247, 636, 177, 184, 154, 0.8549, -1, -1, -1
495, 245, 1278, 119, 291, 166, 0.9004, -1, -1, -1
495, 246, 677, 82, 139, 123, 0.9288, -1, -1, -1
495, 247, 635, 180, 185, 157, 0.8809, -1, -1, -1
496, 245, 1278, 120, 291, 166, 0.9013, -1, -1, -1
496, 246, 678, 84, 138, 125, 0.9151, -1, -1, -1
496, 247, 635, 188, 187, 153, 0.8498, -1, -1, -1
497, 245, 1279, 120, 291, 166, 0.9017, -1, -1, -1
497, 246, 676, 87, 139, 125, 0.9171, -1, -1, -1
497, 247, 635, 189, 186, 154, 0.8698, -1, -1, -1
498, 245, 1277, 120, 292, 166, 0.9008, -1, -1, -1
498, 246, 675, 88, 138, 124, 0.9090, -1, -1, -1
498, 247, 631, 190, 190, 158, 0.8747, -1, -1, -1
499, 245, 1278, 119, 292, 166, 0.9005, -1, -1, -1
499, 246, 674, 88, 138, 124, 0.9025, -1, -1, -1
499, 247, 629, 192, 193, 160, 0.8612, -1, -1, -1
500, 245, 1278, 119, 291, 166, 0.9022, -1, -1, -1
500, 246, 672, 91, 140, 123, 0.8935, -1, -1, -1
500, 247, 631, 200, 191, 158, 0.8722, -1, -1, -1
501, 245, 1279, 119, 291, 166, 0.9001, -1, -1, -1
501, 246, 670, 95, 142, 118, 0.8850, -1, -1, -1
501, 247, 629, 204, 193, 157, 0.8695, -1, -1, -1
502, 245, 1279, 120, 291, 166, 0.9026, -1, -1, -1
502, 246, 672, 97, 138, 119, 0.8774, -1, -1, -1
502, 247, 630, 206, 193, 160, 0.8715, -1, -1, -1
503, 245, 1286, 123, 283, 165, 0.9069, -1, -1, -1
503, 246, 672, 97, 139, 122, 0.8181, -1, -1, -1
503, 247, 628, 211, 196, 163, 0.8718, -1, -1, -1
504, 245, 1280, 120, 291, 166, 0.9044, -1, -1, -1
504, 246, 669, 102, 140, 121, 0.8370, -1, -1, -1
504, 247, 626, 212, 202, 166, 0.8671, -1, -1, -1
505, 245, 1284, 122, 288, 164, 0.9020, -1, -1, -1
505, 246, 669, 102, 140, 123, 0.8418, -1, -1, -1
505, 247, 625, 214, 202, 166, 0.8618, -1, -1, -1
506, 245, 1285, 123, 288, 164, 0.9022, -1, -1, -1
506, 246, 669, 103, 140, 126, 0.8615, -1, -1, -1
506, 247, 621, 221, 204, 168, 0.8713, -1, -1, -1
507, 245, 1285, 123, 288, 164, 0.9025, -1, -1, -1
507, 246, 668, 103, 140, 128, 0.8426, -1, -1, -1
507, 247, 621, 223, 205, 170, 0.8665, -1, -1, -1
508, 245, 1285, 123, 288, 164, 0.9085, -1, -1, -1
508, 246, 669, 108, 140, 124, 0.8659, -1, -1, -1
508, 247, 620, 226, 207, 167, 0.8653, -1, -1, -1
509, 245, 1285, 123, 288, 164, 0.9153, -1, -1, -1
509, 247, 618, 224, 215, 173, 0.8906, -1, -1, -1
510, 245, 1284, 123, 288, 164, 0.9067, -1, -1, -1
510, 247, 618, 225, 215, 178, 0.8906, -1, -1, -1
511, 245, 1278, 120, 292, 166, 0.9040, -1, -1, -1
511, 247, 615, 230, 217, 176, 0.9094, -1, -1, -1
512, 245, 1279, 119, 292, 166, 0.9046, -1, -1, -1
512, 247, 615, 235, 220, 178, 0.9081, -1, -1, -1
513, 245, 1278, 120, 292, 166, 0.9016, -1, -1, -1
513, 247, 614, 239, 220, 178, 0.9038, -1, -1, -1
514, 245, 1278, 119, 292, 166, 0.9034, -1, -1, -1
514, 247, 612, 244, 223, 179, 0.8896, -1, -1, -1
515, 245, 1278, 119, 292, 166, 0.8978, -1, -1, -1
515, 247, 612, 246, 224, 181, 0.8751, -1, -1, -1
516, 245, 1278, 118, 292, 165, 0.8950, -1, -1, -1
516, 247, 610, 247, 226, 185, 0.8448, -1, -1, -1
517, 245, 1278, 119, 292, 165, 0.8946, -1, -1, -1
517, 247, 610, 251, 226, 188, 0.8321, -1, -1, -1
518, 245, 1279, 119, 291, 165, 0.8953, -1, -1, -1
518, 247, 608, 257, 230, 190, 0.8772, -1, -1, -1
519, 245, 1278, 120, 292, 165, 0.8943, -1, -1, -1
519, 247, 609, 263, 234, 188, 0.8648, -1, -1, -1
520, 245, 1278, 119, 292, 165, 0.8920, -1, -1, -1
520, 247, 608, 271, 237, 186, 0.8481, -1, -1, -1
521, 245, 1278, 119, 292, 165, 0.8925, -1, -1, -1
521, 247, 603, 274, 238, 191, 0.8475, -1, -1, -1
522, 245, 1278, 118, 292, 165, 0.8928, -1, -1, -1
522, 247, 605, 278, 239, 198, 0.8528, -1, -1, -1
523, 245, 1277, 119, 293, 165, 0.8886, -1, -1, -1
523, 247, 602, 287, 242, 194, 0.8426, -1, -1, -1
524, 245, 1278, 119, 293, 165, 0.8878, -1, -1, -1
524, 247, 588, 293, 254, 203, 0.8352, -1, -1, -1
525, 245, 1276, 120, 293, 165, 0.8816, -1, -1, -1
525, 247, 595, 302, 249, 202, 0.8423, -1, -1, -1
526, 245, 1280, 122, 284, 164, 0.8801, -1, -1, -1
526, 247, 582, 309, 264, 222, 0.8534, -1, -1, -1
527, 245, 1280, 122, 285, 164, 0.8979, -1, -1, -1
527, 247, 580, 319, 263, 214, 0.8247, -1, -1, -1
528, 245, 1280, 122, 286, 164, 0.8834, -1, -1, -1
528, 247, 585, 327, 258, 206, 0.8630, -1, -1, -1
529, 245, 1275, 120, 293, 166, 0.8803, -1, -1, -1
529, 247, 576, 341, 268, 219, 0.8745, -1, -1, -1
530, 245, 1277, 120, 287, 169, 0.8519, -1, -1, -1
530, 247, 576, 352, 272, 218, 0.8805, -1, -1, -1
531, 245, 1276, 119, 287, 169, 0.8539, -1, -1, -1
531, 247, 574, 357, 270, 230, 0.8664, -1, -1, -1
532, 245, 1275, 119, 288, 169, 0.8528, -1, -1, -1
532, 247, 571, 365, 275, 227, 0.8581, -1, -1, -1
533, 245, 1272, 119, 290, 169, 0.8607, -1, -1, -1
533, 247, 567, 375, 278, 229, 0.8717, -1, -1, -1
534, 245, 1268, 121, 291, 169, 0.8113, -1, -1, -1
534, 247, 567, 390, 280, 227, 0.8428, -1, -1, -1
535, 245, 1264, 121, 290, 168, 0.8227, -1, -1, -1
535, 247, 558, 403, 289, 234, 0.8338, -1, -1, -1
536, 245, 1267, 120, 284, 168, 0.8251, -1, -1, -1
536, 247, 548, 407, 297, 236, 0.8606, -1, -1, -1
536, 248, 642, 172, 181, 150, 0.8478, -1, -1, -1
537, 245, 1257, 121, 290, 167, 0.8226, -1, -1, -1
537, 247, 542, 417, 302, 245, 0.8726, -1, -1, -1
537, 248, 640, 175, 183, 150, 0.8559, -1, -1, -1
538, 245, 1248, 120, 296, 167, 0.8596, -1, -1, -1
538, 247, 539, 427, 304, 240, 0.8365, -1, -1, -1
538, 248, 639, 176, 186, 154, 0.8888, -1, -1, -1
539, 245, 1241, 122, 294, 165, 0.8464, -1, -1, -1
539, 247, 537, 440, 306, 252, 0.8216, -1, -1, -1
539, 248, 639, 180, 189, 155, 0.8781, -1, -1, -1
540, 247, 530, 457, 313, 252, 0.8676, -1, -1, -1
540, 248, 640, 186, 188, 157, 0.8818, -1, -1, -1
541, 247, 524, 464, 319, 254, 0.9207, -1, -1, -1
541, 248, 639, 187, 193, 154, 0.8818, -1, -1, -1
542, 247, 523, 476, 319, 257, 0.9078, -1, -1, -1
542, 248, 640, 192, 194, 156, 0.8749, -1, -1, -1
543, 247, 520, 484, 327, 278, 0.9171, -1, -1, -1
543, 248, 640, 198, 194, 156, 0.8729, -1, -1, -1
544, 247, 515, 508, 327, 269, 0.9270, -1, -1, -1
544, 248, 640, 198, 195, 160, 0.8567, -1, -1, -1
545, 247, 501, 516, 341, 284, 0.8934, -1, -1, -1
545, 248, 638, 205, 199, 161, 0.8490, -1, -1, -1
546, 247, 488, 530, 353, 294, 0.8907, -1, -1, -1
546, 248, 639, 209, 199, 162, 0.8542, -1, -1, -1
547, 247, 474, 555, 352, 284, 0.9046, -1, -1, -1
547, 248, 638, 207, 201, 167, 0.8374, -1, -1, -1
548, 247, 468, 561, 359, 314, 0.9168, -1, -1, -1
548, 248, 637, 213, 203, 165, 0.8786, -1, -1, -1
549, 247, 452, 596, 369, 291, 0.9090, -1, -1, -1
549, 248, 636, 214, 205, 168, 0.8641, -1, -1, -1
550, 247, 439, 607, 381, 322, 0.9109, -1, -1, -1
550, 248, 634, 219, 210, 169, 0.8420, -1, -1, -1
551, 247, 421, 617, 387, 326, 0.9098, -1, -1, -1
551, 248, 634, 225, 212, 168, 0.8122, -1, -1, -1
552, 247, 409, 656, 391, 328, 0.9128, -1, -1, -1
552, 248, 633, 228, 213, 167, 0.8268, -1, -1, -1
553, 247, 382, 666, 412, 349, 0.9431, -1, -1, -1
553, 248, 633, 226, 216, 177, 0.8439, -1, -1, -1
554, 247, 370, 701, 410, 347, 0.9278, -1, -1, -1
554, 248, 632, 229, 217, 178, 0.8608, -1, -1, -1
555, 247, 352, 709, 418, 369, 0.8189, -1, -1, -1
555, 248, 631, 237, 218, 173, 0.8470, -1, -1, -1
556, 247, 330, 752, 431, 326, 0.6169, -1, -1, -1
556, 248, 632, 240, 220, 177, 0.8224, -1, -1, -1
557, 247, 316, 759, 431, 320, 0.7877, -1, -1, -1
557, 248, 632, 250, 219, 163, 0.7772, -1, -1, -1
558, 248, 630, 252, 226, 181, 0.8521, -1, -1, -1
559, 248, 628, 256, 229, 183, 0.8670, -1, -1, -1
559, 249, 968, 157, 291, 164, 0.8134, -1, -1, -1
560, 248, 627, 259, 232, 179, 0.8475, -1, -1, -1
560, 249, 948, 157, 276, 165, 0.8470, -1, -1, -1
561, 248, 627, 267, 236, 186, 0.8294, -1, -1, -1
561, 249, 933, 154, 276, 171, 0.8996, -1, -1, -1
562, 248, 624, 275, 242, 186, 0.8209, -1, -1, -1
562, 249, 917, 158, 274, 167, 0.8655, -1, -1, -1
563, 248, 621, 280, 245, 186, 0.8661, -1, -1, -1
563, 249, 901, 155, 270, 171, 0.8853, -1, -1, -1
564, 248, 616, 287, 254, 198, 0.8397, -1, -1, -1
564, 249, 885, 160, 264, 165, 0.8880, -1, -1, -1
565, 248, 610, 298, 258, 199, 0.8264, -1, -1, -1
565, 249, 868, 163, 271, 166, 0.8724, -1, -1, -1
566, 248, 613, 304, 255, 201, 0.8625, -1, -1, -1
566, 249, 858, 163, 262, 168, 0.8762, -1, -1, -1
567, 248, 612, 318, 257, 189, 0.8552, -1, -1, -1
567, 249, 838, 167, 257, 164, 0.8687, -1, -1, -1
568, 248, 608, 324, 264, 204, 0.8499, -1, -1, -1
568, 249, 820, 168, 266, 164, 0.8335, -1, -1, -1
569, 248, 608, 332, 266, 203, 0.8546, -1, -1, -1
569, 249, 807, 167, 259, 167, 0.8536, -1, -1, -1
570, 248, 594, 339, 282, 227, 0.8529, -1, -1, -1
570, 249, 791, 169, 255, 169, 0.8571, -1, -1, -1
571, 248, 599, 353, 274, 227, 0.8166, -1, -1, -1
571, 249, 776, 172, 262, 170, 0.8145, -1, -1, -1
572, 248, 596, 367, 278, 228, 0.8579, -1, -1, -1
572, 249, 765, 174, 252, 170, 0.8009, -1, -1, -1
573, 248, 589, 371, 287, 230, 0.8837, -1, -1, -1
573, 249, 752, 176, 248, 170, 0.7992, -1, -1, -1
574, 248, 579, 381, 294, 236, 0.8810, -1, -1, -1
574, 249, 739, 177, 244, 170, 0.8778, -1, -1, -1
575, 248, 575, 400, 299, 237, 0.9002, -1, -1, -1
575, 249, 724, 178, 243, 173, 0.8433, -1, -1, -1
576, 248, 573, 415, 299, 237, 0.9151, -1, -1, -1
576, 249, 713, 184, 242, 170, 0.8785, -1, -1, -1
577, 248, 570, 423, 301, 243, 0.9202, -1, -1, -1
577, 249, 705, 186, 236, 172, 0.8685, -1, -1, -1
578, 248, 567, 440, 303, 244, 0.8883, -1, -1, -1
578, 249, 692, 188, 234, 172, 0.8485, -1, -1, -1
579, 248, 554, 450, 315, 254, 0.8960, -1, -1, -1
579, 249, 683, 192, 231, 172, 0.7834, -1, -1, -1
580, 248, 550, 466, 316, 255, 0.8854, -1, -1, -1
580, 249, 672, 198, 232, 173, 0.8257, -1, -1, -1
581, 248, 535, 479, 329, 256, 0.8879, -1, -1, -1
581, 249, 664, 200, 230, 176, 0.8859, -1, -1, -1
582, 248, 524, 498, 336, 260, 0.8829, -1, -1, -1
582, 249, 657, 201, 228, 178, 0.8533, -1, -1, -1
583, 248, 521, 504, 337, 274, 0.8901, -1, -1, -1
583, 249, 648, 205, 228, 175, 0.8668, -1, -1, -1
584, 248, 516, 521, 337, 288, 0.8540, -1, -1, -1
584, 249, 642, 208, 229, 175, 0.8474, -1, -1, -1
585, 248, 495, 544, 357, 279, 0.8762, -1, -1, -1
585, 249, 635, 213, 227, 175, 0.8440, -1, -1, -1
586, 248, 483, 567, 361, 287, 0.8905, -1, -1, -1
586, 249, 630, 217, 225, 173, 0.8047, -1, -1, -1
587, 248, 468, 585, 372, 292, 0.8901, -1, -1, -1
587, 249, 623, 220, 226, 174, 0.8041, -1, -1, -1
588, 248, 453, 602, 378, 314, 0.8723, -1, -1, -1
588, 249, 617, 222, 228, 179, 0.7844, -1, -1, -1
589, 248, 438, 620, 388, 318, 0.8675, -1, -1, -1
589, 249, 614, 224, 226, 178, 0.8408, -1, -1, -1
590, 248, 417, 647, 401, 324, 0.8647, -1, -1, -1
590, 249, 610, 230, 228, 179, 0.8504, -1, -1, -1
591, 248, 403, 662, 406, 340, 0.8737, -1, -1, -1
591, 249, 605, 230, 233, 184, 0.8804, -1, -1, -1
592, 248, 372, 702, 425, 330, 0.9043, -1, -1, -1
592, 249, 602, 233, 232, 183, 0.8543, -1, -1, -1
593, 248, 366, 710, 417, 348, 0.8585, -1, -1, -1
593, 249, 598, 244, 234, 178, 0.8362, -1, -1, -1
594, 248, 331, 741, 436, 338, 0.6573, -1, -1, -1
594, 249, 594, 247, 235, 180, 0.8110, -1, -1, -1
595, 248, 318, 763, 443, 316, 0.7108, -1, -1, -1
595, 249, 592, 250, 237, 181, 0.8813, -1, -1, -1
596, 249, 590, 252, 238, 187, 0.8702, -1, -1, -1
597, 249, 587, 254, 239, 192, 0.8638, -1, -1, -1
598, 249, 585, 264, 243, 189, 0.8384, -1, -1, -1
599, 249, 583, 271, 246, 185, 0.8304, -1, -1, -1
600, 249, 574, 272, 256, 205, 0.8222, -1, -1, -1
601, 249, 573, 276, 258, 209, 0.8431, -1, -1, -1
602, 249, 569, 296, 262, 194, 0.8622, -1, -1, -1
603, 249, 560, 298, 270, 215, 0.8460, -1, -1, -1
604, 249, 564, 313, 264, 212, 0.7958, -1, -1, -1
605, 249, 559, 323, 267, 212, 0.7967, -1, -1, -1
606, 249, 554, 324, 271, 222, 0.8392, -1, -1, -1
607, 249, 541, 338, 283, 218, 0.8590, -1, -1, -1
608, 249, 537, 353, 285, 217, 0.8685, -1, -1, -1
609, 249, 528, 360, 293, 228, 0.8906, -1, -1, -1
610, 249, 525, 367, 295, 229, 0.9050, -1, -1, -1
611, 249, 524, 371, 296, 234, 0.9093, -1, -1, -1
612, 249, 522, 389, 299, 230, 0.9258, -1, -1, -1
613, 249, 519, 400, 300, 234, 0.9275, -1, -1, -1
614, 249, 511, 405, 308, 246, 0.9067, -1, -1, -1
615, 249, 503, 420, 314, 244, 0.9050, -1, -1, -1
616, 249, 497, 438, 319, 236, 0.8969, -1, -1, -1
617, 249, 488, 452, 326, 243, 0.9062, -1, -1, -1
618, 249, 476, 460, 338, 256, 0.8907, -1, -1, -1
619, 249, 472, 468, 337, 252, 0.8935, -1, -1, -1
620, 249, 470, 488, 338, 257, 0.8848, -1, -1, -1
621, 249, 461, 491, 345, 279, 0.9087, -1, -1, -1
622, 249, 446, 506, 355, 281, 0.8856, -1, -1, -1
623, 249, 434, 521, 365, 295, 0.8775, -1, -1, -1
624, 249, 418, 544, 379, 290, 0.9140, -1, -1, -1
625, 249, 416, 561, 377, 308, 0.9023, -1, -1, -1
626, 249, 398, 593, 388, 291, 0.8777, -1, -1, -1
627, 249, 384, 600, 396, 323, 0.8742, -1, -1, -1
628, 249, 372, 615, 400, 327, 0.9093, -1, -1, -1
629, 249, 365, 636, 403, 337, 0.8706, -1, -1, -1
630, 249, 334, 659, 426, 344, 0.8965, -1, -1, -1
631, 249, 318, 699, 433, 341, 0.9189, -1, -1, -1
632, 249, 308, 708, 432, 352, 0.9041, -1, -1, -1
633, 249, 272, 745, 455, 334, 0.7840, -1, -1, -1
634, 249, 264, 757, 457, 322, 0.7704, -1, -1, -1
707, 250, 969, 664, 468, 415, 0.6469, -1, -1, -1
709, 250, 971, 624, 466, 450, 0.7355, -1, -1, -1
711, 250, 980, 615, 454, 436, 0.6308, -1, -1, -1
712, 250, 981, 582, 451, 437, 0.7777, -1, -1, -1
713, 250, 983, 570, 447, 440, 0.8037, -1, -1, -1
714, 250, 985, 564, 437, 420, 0.8543, -1, -1, -1
715, 250, 979, 536, 441, 426, 0.8641, -1, -1, -1
716, 250, 969, 533, 447, 409, 0.8697, -1, -1, -1
717, 250, 973, 514, 434, 401, 0.8117, -1, -1, -1
718, 250, 972, 503, 416, 401, 0.8519, -1, -1, -1
719, 250, 973, 502, 414, 378, 0.9059, -1, -1, -1
720, 250, 972, 476, 414, 382, 0.8096, -1, -1, -1
721, 250, 968, 476, 404, 370, 0.8060, -1, -1, -1
722, 250, 966, 446, 401, 383, 0.8854, -1, -1, -1
723, 250, 953, 442, 409, 369, 0.9019, -1, -1, -1
724, 250, 955, 434, 404, 359, 0.7975, -1, -1, -1
725, 250, 946, 416, 391, 368, 0.8055, -1, -1, -1
726, 250, 943, 400, 394, 370, 0.8749, -1, -1, -1
727, 250, 931, 399, 400, 355, 0.8211, -1, -1, -1
728, 250, 925, 395, 386, 341, 0.8391, -1, -1, -1
729, 250, 926, 383, 384, 339, 0.8612, -1, -1, -1
730, 250, 923, 361, 377, 353, 0.8542, -1, -1, -1
731, 250, 920, 361, 369, 332, 0.8367, -1, -1, -1
732, 250, 910, 351, 375, 338, 0.8172, -1, -1, -1
733, 250, 910, 342, 364, 332, 0.8867, -1, -1, -1
734, 250, 909, 346, 353, 324, 0.8626, -1, -1, -1
735, 250, 905, 323, 351, 324, 0.8506, -1, -1, -1
736, 250, 897, 318, 358, 322, 0.8142, -1, -1, -1
737, 250, 895, 321, 345, 307, 0.8281, -1, -1, -1
738, 250, 892, 310, 336, 306, 0.8444, -1, -1, -1
739, 250, 883, 306, 341, 299, 0.7567, -1, -1, -1
740, 250, 881, 303, 333, 289, 0.8343, -1, -1, -1
741, 250, 880, 299, 324, 282, 0.8629, -1, -1, -1
742, 250, 876, 288, 325, 287, 0.8843, -1, -1, -1
743, 250, 877, 287, 321, 275, 0.8909, -1, -1, -1
744, 250, 875, 279, 317, 282, 0.8637, -1, -1, -1
745, 250, 874, 271, 307, 285, 0.8525, -1, -1, -1
746, 250, 874, 267, 302, 266, 0.8075, -1, -1, -1
747, 250, 874, 266, 301, 262, 0.8900, -1, -1, -1
748, 250, 873, 256, 301, 263, 0.8928, -1, -1, -1
749, 250, 871, 252, 297, 260, 0.8631, -1, -1, -1
750, 250, 871, 253, 295, 251, 0.8411, -1, -1, -1
751, 250, 868, 242, 293, 260, 0.7842, -1, -1, -1
752, 250, 868, 239, 285, 256, 0.7521, -1, -1, -1
753, 250, 869, 226, 280, 262, 0.7281, -1, -1, -1
754, 250, 867, 227, 280, 252, 0.7909, -1, -1, -1
755, 250, 867, 225, 278, 251, 0.7210, -1, -1, -1
756, 250, 862, 222, 277, 248, 0.7152, -1, -1, -1
757, 250, 850, 220, 284, 239, 0.7706, -1, -1, -1
758, 250, 851, 217, 274, 239, 0.7115, -1, -1, -1
759, 250, 848, 215, 274, 235, 0.7346, -1, -1, -1
760, 250, 847, 215, 274, 231, 0.7022, -1, -1, -1
761, 250, 843, 210, 274, 230, 0.7522, -1, -1, -1
762, 250, 835, 207, 274, 230, 0.7143, -1, -1, -1
763, 250, 834, 203, 269, 224, 0.7211, -1, -1, -1
764, 250, 834, 198, 268, 218, 0.8130, -1, -1, -1
765, 250, 831, 194, 267, 217, 0.8056, -1, -1, -1
766, 250, 830, 186, 265, 220, 0.7943, -1, -1, -1
767, 250, 830, 186, 260, 215, 0.8349, -1, -1, -1
768, 250, 829, 184, 255, 215, 0.7197, -1, -1, -1
769, 250, 829, 177, 250, 210, 0.7244, -1, -1, -1
770, 250, 830, 183, 246, 210, 0.6638, -1, -1, -1
771, 250, 828, 174, 245, 213, 0.6722, -1, -1, -1
772, 250, 828, 176, 243, 208, 0.6474, -1, -1, -1
773, 250, 828, 173, 239, 207, 0.6129, -1, -1, -1
774, 250, 828, 168, 238, 207, 0.7389, -1, -1, -1
775, 250, 828, 170, 234, 197, 0.6260, -1, -1, -1
776, 250, 828, 167, 235, 198, 0.6700, -1, -1, -1
777, 250, 826, 155, 235, 200, 0.8393, -1, -1, -1
778, 250, 827, 155, 234, 196, 0.8512, -1, -1, -1
779, 250, 827, 152, 231, 197, 0.8231, -1, -1, -1
780, 250, 828, 150, 228, 197, 0.7890, -1, -1, -1
781, 250, 829, 150, 227, 197, 0.7935, -1, -1, -1
782, 250, 829, 147, 223, 193, 0.7778, -1, -1, -1
783, 250, 829, 141, 222, 193, 0.7885, -1, -1, -1
784, 250, 828, 133, 224, 199, 0.8621, -1, -1, -1
785, 250, 828, 135, 221, 191, 0.8562, -1, -1, -1
786, 250, 829, 135, 220, 190, 0.8598, -1, -1, -1
787, 250, 828, 132, 221, 191, 0.8655, -1, -1, -1
788, 250, 829, 137, 217, 184, 0.8169, -1, -1, -1
789, 250, 831, 138, 216, 180, 0.8126, -1, -1, -1
790, 250, 830, 129, 216, 182, 0.8404, -1, -1, -1
791, 250, 831, 127, 215, 181, 0.8303, -1, -1, -1
792, 250, 832, 128, 211, 177, 0.8178, -1, -1, -1
793, 250, 836, 129, 206, 176, 0.8322, -1, -1, -1
794, 250, 834, 127, 205, 174, 0.8251, -1, -1, -1
795, 250, 834, 127, 203, 170, 0.8113, -1, -1, -1
796, 250, 831, 128, 204, 167, 0.8443, -1, -1, -1
797, 250, 833, 125, 200, 168, 0.8473, -1, -1, -1
798, 250, 835, 126, 196, 167, 0.8466, -1, -1, -1
799, 250, 837, 120, 193, 170, 0.7931, -1, -1, -1
800, 250, 836, 127, 193, 162, 0.8289, -1, -1, -1
801, 250, 836, 122, 192, 163, 0.8531, -1, -1, -1
802, 250, 839, 122, 188, 159, 0.8235, -1, -1, -1
803, 250, 839, 117, 187, 161, 0.8547, -1, -1, -1
804, 250, 836, 117, 188, 158, 0.8305, -1, -1, -1
805, 250, 838, 108, 188, 165, 0.8080, -1, -1, -1
806, 250, 838, 108, 187, 163, 0.7801, -1, -1, -1
807, 250, 839, 114, 186, 154, 0.8409, -1, -1, -1
808, 250, 840, 110, 184, 157, 0.7856, -1, -1, -1
809, 250, 840, 101, 184, 163, 0.8067, -1, -1, -1
810, 250, 839, 104, 181, 157, 0.8030, -1, -1, -1
811, 250, 838, 101, 183, 159, 0.8338, -1, -1, -1
812, 250, 838, 100, 182, 158, 0.8128, -1, -1, -1
813, 250, 840, 93, 181, 161, 0.8456, -1, -1, -1
814, 250, 839, 94, 180, 160, 0.8254, -1, -1, -1
815, 250, 839, 94, 180, 158, 0.8238, -1, -1, -1
816, 250, 839, 93, 180, 156, 0.8380, -1, -1, -1
817, 250, 836, 88, 181, 160, 0.8019, -1, -1, -1
818, 250, 837, 88, 179, 158, 0.7831, -1, -1, -1
819, 250, 838, 88, 177, 155, 0.7351, -1, -1, -1
820, 250, 837, 83, 178, 158, 0.8176, -1, -1, -1
821, 250, 836, 80, 177, 159, 0.7584, -1, -1, -1
822, 250, 837, 77, 172, 161, 0.7257, -1, -1, -1
823, 250, 834, 72, 178, 161, 0.7216, -1, -1, -1
824, 250, 836, 87, 166, 146, 0.7404, -1, -1, -1
825, 250, 835, 78, 168, 149, 0.7628, -1, -1, -1
826, 250, 832, 89, 166, 138, 0.7698, -1, -1, -1
827, 250, 830, 76, 167, 148, 0.8259, -1, -1, -1
828, 250, 830, 76, 166, 147, 0.7810, -1, -1, -1
829, 250, 830, 69, 166, 153, 0.7723, -1, -1, -1
830, 250, 826, 68, 167, 152, 0.8002, -1, -1, -1
831, 250, 823, 67, 168, 151, 0.8162, -1, -1, -1
832, 250, 824, 66, 168, 150, 0.8135, -1, -1, -1
833, 250, 822, 70, 168, 146, 0.8577, -1, -1, -1
834, 250, 820, 66, 168, 146, 0.8467, -1, -1, -1
835, 250, 820, 65, 167, 148, 0.8628, -1, -1, -1
836, 250, 819, 64, 164, 148, 0.8578, -1, -1, -1
837, 250, 819, 63, 161, 145, 0.8740, -1, -1, -1
838, 250, 819, 59, 160, 147, 0.8546, -1, -1, -1
839, 250, 819, 60, 157, 143, 0.8517, -1, -1, -1
840, 250, 816, 53, 159, 148, 0.8090, -1, -1, -1
841, 250, 818, 52, 157, 147, 0.6935, -1, -1, -1
842, 250, 817, 57, 157, 142, 0.7170, -1, -1, -1
843, 250, 815, 53, 155, 144, 0.7180, -1, -1, -1
844, 250, 812, 52, 159, 144, 0.7567, -1, -1, -1
845, 250, 813, 55, 158, 140, 0.7546, -1, -1, -1
846, 250, 814, 53, 154, 139, 0.7359, -1, -1, -1
847, 250, 815, 54, 152, 136, 0.7509, -1, -1, -1
848, 250, 814, 54, 152, 135, 0.7425, -1, -1, -1
849, 250, 812, 52, 153, 136, 0.7859, -1, -1, -1
850, 250, 813, 50, 152, 137, 0.7865, -1, -1, -1
851, 250, 812, 50, 151, 136, 0.7861, -1, -1, -1
852, 250, 811, 49, 150, 136, 0.7761, -1, -1, -1
853, 250, 811, 47, 147, 136, 0.7639, -1, -1, -1
854, 250, 810, 45, 146, 134, 0.7728, -1, -1, -1
855, 250, 811, 42, 146, 135, 0.7953, -1, -1, -1
856, 250, 809, 39, 146, 136, 0.7016, -1, -1, -1
869, 251, 561, 301, 329, 269, 0.7670, -1, -1, -1
872, 252, 516, 297, 399, 293, 0.7579, -1, -1, -1
873, 252, 524, 294, 400, 299, 0.8333, -1, -1, -1
874, 252, 535, 296, 387, 304, 0.8222, -1, -1, -1
875, 252, 556, 302, 365, 303, 0.7867, -1, -1, -1
876, 252, 557, 302, 369, 309, 0.8260, -1, -1, -1
877, 252, 564, 307, 364, 311, 0.8270, -1, -1, -1
878, 252, 568, 315, 368, 306, 0.8307, -1, -1, -1
879, 252, 575, 315, 374, 306, 0.8777, -1, -1, -1
880, 252, 579, 312, 376, 318, 0.8494, -1, -1, -1
881, 252, 583, 314, 376, 317, 0.8562, -1, -1, -1
882, 252, 595, 324, 363, 309, 0.8309, -1, -1, -1
883, 252, 603, 334, 354, 308, 0.8425, -1, -1, -1
884, 252, 605, 343, 355, 316, 0.8939, -1, -1, -1
885, 252, 607, 347, 356, 319, 0.8817, -1, -1, -1
886, 252, 608, 346, 363, 324, 0.8784, -1, -1, -1
887, 252, 608, 350, 363, 327, 0.8062, -1, -1, -1
888, 252, 612, 361, 364, 321, 0.8354, -1, -1, -1
889, 252, 615, 362, 364, 324, 0.8636, -1, -1, -1
890, 252, 617, 363, 361, 324, 0.8666, -1, -1, -1
891, 252, 618, 357, 363, 340, 0.8793, -1, -1, -1
892, 252, 617, 359, 366, 351, 0.8729, -1, -1, -1
893, 252, 606, 361, 378, 355, 0.9061, -1, -1, -1
894, 252, 615, 383, 373, 343, 0.9224, -1, -1, -1
895, 252, 616, 393, 373, 339, 0.8549, -1, -1, -1
896, 252, 618, 399, 376, 346, 0.9138, -1, -1, -1
897, 252, 615, 403, 380, 350, 0.8679, -1, -1, -1
898, 252, 616, 404, 373, 359, 0.9031, -1, -1, -1
899, 252, 611, 410, 377, 359, 0.9265, -1, -1, -1
900, 252, 598, 408, 395, 372, 0.9136, -1, -1, -1
901, 252, 589, 411, 398, 382, 0.9037, -1, -1, -1
902, 252, 589, 429, 406, 375, 0.8834, -1, -1, -1
903, 252, 582, 446, 408, 369, 0.8533, -1, -1, -1
904, 252, 579, 443, 404, 378, 0.9005, -1, -1, -1
905, 252, 564, 454, 421, 385, 0.8245, -1, -1, -1
906, 252, 569, 462, 414, 381, 0.9087, -1, -1, -1
907, 252, 566, 468, 413, 390, 0.8159, -1, -1, -1
908, 252, 553, 486, 421, 388, 0.8433, -1, -1, -1
909, 252, 539, 483, 429, 401, 0.6716, -1, -1, -1
910, 252, 531, 501, 434, 401, 0.8510, -1, -1, -1
911, 252, 518, 523, 443, 397, 0.8775, -1, -1, -1
912, 252, 518, 529, 437, 393, 0.9128, -1, -1, -1
913, 252, 510, 534, 437, 418, 0.8202, -1, -1, -1
914, 252, 489, 551, 445, 416, 0.8812, -1, -1, -1
915, 252, 480, 560, 452, 418, 0.8713, -1, -1, -1
916, 252, 463, 561, 466, 424, 0.7955, -1, -1, -1
917, 252, 463, 583, 461, 432, 0.8435, -1, -1, -1
918, 252, 444, 591, 479, 444, 0.7900, -1, -1, -1
919, 252, 428, 608, 488, 438, 0.7863, -1, -1, -1
920, 252, 404, 621, 495, 446, 0.8029, -1, -1, -1
921, 252, 395, 621, 492, 458, 0.7531, -1, -1, -1
1110, 253, 712, 65, 119, 107, 0.7838, -1, -1, -1
1111, 253, 708, 66, 123, 108, 0.7199, -1, -1, -1
1112, 253, 706, 68, 123, 105, 0.6905, -1, -1, -1
1113, 253, 706, 67, 126, 109, 0.7393, -1, -1, -1
1114, 253, 703, 70, 127, 107, 0.7964, -1, -1, -1
1115, 253, 701, 71, 129, 106, 0.8212, -1, -1, -1
1116, 253, 700, 73, 132, 107, 0.7969, -1, -1, -1
1117, 253, 699, 75, 133, 108, 0.7916, -1, -1, -1
1118, 253, 699, 74, 132, 109, 0.7558, -1, -1, -1
1119, 253, 699, 75, 132, 110, 0.7798, -1, -1, -1
1120, 253, 699, 75, 133, 113, 0.8072, -1, -1, -1
1121, 253, 698, 76, 134, 113, 0.8187, -1, -1, -1
1122, 253, 700, 78, 134, 113, 0.8444, -1, -1, -1
1123, 253, 700, 79, 135, 113, 0.8562, -1, -1, -1
1124, 253, 699, 80, 137, 114, 0.8605, -1, -1, -1
1125, 253, 700, 80, 137, 114, 0.8600, -1, -1, -1
1126, 253, 701, 83, 136, 117, 0.8624, -1, -1, -1
1127, 253, 698, 82, 140, 120, 0.8832, -1, -1, -1
1128, 253, 697, 83, 141, 121, 0.8867, -1, -1, -1
1129, 253, 699, 85, 142, 125, 0.8822, -1, -1, -1
1130, 253, 698, 95, 144, 121, 0.8607, -1, -1, -1
1131, 253, 700, 94, 144, 121, 0.8599, -1, -1, -1
1132, 253, 700, 97, 144, 120, 0.8297, -1, -1, -1
1133, 253, 699, 98, 143, 127, 0.8240, -1, -1, -1
1134, 253, 696, 100, 145, 130, 0.8243, -1, -1, -1
1135, 253, 696, 102, 147, 131, 0.8284, -1, -1, -1
1136, 253, 697, 100, 149, 131, 0.8213, -1, -1, -1
1137, 253, 695, 101, 149, 131, 0.8129, -1, -1, -1
1138, 253, 693, 103, 152, 131, 0.7844, -1, -1, -1
1139, 253, 693, 103, 153, 136, 0.7947, -1, -1, -1
1140, 253, 691, 111, 154, 131, 0.7955, -1, -1, -1
1141, 253, 688, 115, 157, 129, 0.7892, -1, -1, -1
1142, 253, 686, 119, 159, 128, 0.8092, -1, -1, -1
1143, 253, 686, 123, 159, 131, 0.8185, -1, -1, -1
1144, 253, 685, 120, 160, 138, 0.7918, -1, -1, -1
1145, 253, 683, 123, 162, 137, 0.7882, -1, -1, -1
1146, 253, 681, 126, 163, 136, 0.8175, -1, -1, -1
1146, 254, 918, 722, 461, 357, 0.6758, -1, -1, -1
1147, 253, 678, 133, 165, 134, 0.8451, -1, -1, -1
1148, 253, 676, 132, 166, 139, 0.8452, -1, -1, -1
1149, 253, 674, 135, 169, 139, 0.8539, -1, -1, -1
1149, 255, 921, 700, 451, 379, 0.8914, -1, -1, -1
1150, 253, 673, 142, 170, 139, 0.8523, -1, -1, -1
1150, 255, 920, 671, 448, 398, 0.8841, -1, -1, -1
1151, 253, 671, 141, 170, 143, 0.8203, -1, -1, -1
1151, 255, 920, 660, 441, 388, 0.9553, -1, -1, -1
1152, 253, 668, 146, 173, 143, 0.8016, -1, -1, -1
1152, 255, 924, 643, 430, 373, 0.9342, -1, -1, -1
1153, 255, 919, 602, 420, 395, 0.9550, -1, -1, -1
1154, 255, 920, 593, 419, 376, 0.9082, -1, -1, -1
1155, 255, 923, 553, 414, 393, 0.9578, -1, -1, -1
1156, 255, 924, 559, 408, 362, 0.9261, -1, -1, -1
1157, 255, 926, 540, 398, 364, 0.8759, -1, -1, -1
1158, 255, 923, 506, 393, 369, 0.9191, -1, -1, -1
1159, 255, 924, 509, 389, 339, 0.8819, -1, -1, -1
1160, 255, 926, 492, 381, 342, 0.9233, -1, -1, -1
1160, 256, 655, 172, 183, 154, 0.7758, -1, -1, -1
1161, 255, 925, 489, 377, 330, 0.9438, -1, -1, -1
1161, 256, 644, 176, 189, 159, 0.8032, -1, -1, -1
1162, 255, 922, 462, 367, 328, 0.9176, -1, -1, -1
1162, 256, 640, 181, 192, 159, 0.8045, -1, -1, -1
1163, 255, 923, 458, 362, 324, 0.9237, -1, -1, -1
1163, 256, 636, 189, 196, 156, 0.8491, -1, -1, -1
1164, 255, 921, 432, 362, 331, 0.9360, -1, -1, -1
1164, 256, 634, 195, 197, 157, 0.8532, -1, -1, -1
1165, 255, 920, 413, 353, 324, 0.8842, -1, -1, -1
1165, 256, 631, 196, 200, 163, 0.8212, -1, -1, -1
1166, 255, 919, 415, 347, 313, 0.8837, -1, -1, -1
1166, 256, 628, 205, 201, 162, 0.8415, -1, -1, -1
1167, 255, 919, 403, 337, 315, 0.9152, -1, -1, -1
1167, 256, 627, 211, 202, 159, 0.8566, -1, -1, -1
1168, 255, 919, 398, 336, 297, 0.8639, -1, -1, -1
1168, 256, 624, 213, 205, 167, 0.8159, -1, -1, -1
1169, 255, 915, 395, 334, 283, 0.8516, -1, -1, -1
1169, 256, 623, 220, 208, 165, 0.8165, -1, -1, -1
1170, 255, 917, 372, 326, 296, 0.8853, -1, -1, -1
1170, 256, 618, 222, 213, 169, 0.8567, -1, -1, -1
1171, 255, 914, 368, 318, 284, 0.8581, -1, -1, -1
1171, 256, 616, 228, 216, 170, 0.8565, -1, -1, -1
1172, 255, 914, 357, 313, 276, 0.8739, -1, -1, -1
1172, 256, 613, 231, 219, 172, 0.8899, -1, -1, -1
1173, 255, 916, 354, 309, 269, 0.8636, -1, -1, -1
1173, 256, 610, 236, 223, 175, 0.8603, -1, -1, -1
1174, 255, 915, 352, 305, 263, 0.8637, -1, -1, -1
1174, 256, 603, 239, 229, 176, 0.7980, -1, -1, -1
1175, 255, 910, 338, 299, 264, 0.7556, -1, -1, -1
1175, 256, 606, 245, 231, 175, 0.8338, -1, -1, -1
1176, 255, 921, 339, 289, 256, 0.7165, -1, -1, -1
1176, 256, 604, 255, 233, 174, 0.7729, -1, -1, -1
1177, 255, 915, 326, 289, 251, 0.7960, -1, -1, -1
1177, 256, 602, 257, 237, 178, 0.8727, -1, -1, -1
1178, 255, 917, 310, 286, 263, 0.8336, -1, -1, -1
1178, 256, 598, 259, 240, 184, 0.8583, -1, -1, -1
1179, 255, 917, 311, 285, 252, 0.8256, -1, -1, -1
1179, 256, 584, 274, 251, 186, 0.7245, -1, -1, -1
1180, 255, 921, 309, 278, 246, 0.8317, -1, -1, -1
1180, 256, 579, 285, 257, 189, 0.7490, -1, -1, -1
1181, 255, 924, 303, 275, 241, 0.8331, -1, -1, -1
1181, 256, 577, 289, 259, 205, 0.7773, -1, -1, -1
1182, 255, 925, 303, 272, 229, 0.8168, -1, -1, -1
1182, 256, 575, 302, 259, 193, 0.8380, -1, -1, -1
1183, 255, 924, 288, 271, 231, 0.7807, -1, -1, -1
1183, 256, 574, 312, 264, 205, 0.8974, -1, -1, -1
1184, 255, 924, 282, 266, 228, 0.8356, -1, -1, -1
1184, 256, 575, 325, 263, 216, 0.8462, -1, -1, -1
1185, 255, 925, 280, 266, 223, 0.8079, -1, -1, -1
1185, 256, 569, 333, 266, 213, 0.8318, -1, -1, -1
1186, 255, 928, 263, 262, 236, 0.8232, -1, -1, -1
1186, 256, 562, 344, 273, 217, 0.7707, -1, -1, -1
1187, 255, 929, 264, 257, 226, 0.8212, -1, -1, -1
1187, 256, 550, 358, 286, 225, 0.8264, -1, -1, -1
1188, 255, 928, 256, 256, 225, 0.8622, -1, -1, -1
1188, 256, 555, 380, 280, 222, 0.7710, -1, -1, -1
1189, 255, 927, 253, 256, 223, 0.8631, -1, -1, -1
1189, 256, 546, 389, 290, 222, 0.8169, -1, -1, -1
1190, 255, 928, 252, 252, 211, 0.8267, -1, -1, -1
1190, 256, 537, 402, 297, 228, 0.8236, -1, -1, -1
1191, 255, 929, 245, 251, 213, 0.7248, -1, -1, -1
1191, 256, 530, 418, 305, 233, 0.8290, -1, -1, -1
1192, 255, 927, 234, 247, 217, 0.7567, -1, -1, -1
1192, 256, 523, 436, 312, 227, 0.8395, -1, -1, -1
1193, 255, 929, 234, 243, 216, 0.7457, -1, -1, -1
1193, 256, 520, 453, 316, 242, 0.8636, -1, -1, -1
1194, 255, 931, 231, 239, 214, 0.6668, -1, -1, -1
1194, 256, 520, 469, 315, 246, 0.8992, -1, -1, -1
1195, 255, 929, 227, 237, 211, 0.7052, -1, -1, -1
1195, 256, 518, 487, 318, 247, 0.8747, -1, -1, -1
1196, 255, 929, 225, 236, 207, 0.7660, -1, -1, -1
1196, 256, 510, 506, 327, 252, 0.8407, -1, -1, -1
1197, 255, 927, 224, 236, 201, 0.6148, -1, -1, -1
1197, 256, 497, 513, 344, 266, 0.8490, -1, -1, -1
1198, 255, 928, 218, 232, 195, 0.6241, -1, -1, -1
1198, 256, 494, 542, 343, 264, 0.8156, -1, -1, -1
1199, 255, 928, 205, 233, 203, 0.6470, -1, -1, -1
1199, 256, 475, 558, 364, 275, 0.8346, -1, -1, -1
1200, 256, 461, 588, 363, 267, 0.7927, -1, -1, -1
1201, 255, 927, 206, 229, 192, 0.8467, -1, -1, -1
1201, 256, 457, 607, 370, 284, 0.8208, -1, -1, -1
1202, 255, 924, 202, 225, 194, 0.7723, -1, -1, -1
1202, 256, 439, 625, 382, 307, 0.7258, -1, -1, -1
1203, 255, 924, 200, 222, 192, 0.7457, -1, -1, -1
1203, 256, 420, 657, 400, 313, 0.8342, -1, -1, -1
1204, 255, 923, 199, 223, 188, 0.8094, -1, -1, -1
1204, 256, 413, 667, 398, 333, 0.8145, -1, -1, -1
1205, 256, 379, 714, 417, 326, 0.7384, -1, -1, -1
1206, 255, 921, 180, 217, 198, 0.7941, -1, -1, -1
1206, 256, 364, 743, 430, 336, 0.8249, -1, -1, -1
1207, 255, 919, 184, 217, 190, 0.8932, -1, -1, -1
1208, 255, 917, 179, 218, 190, 0.8878, -1, -1, -1
1209, 255, 917, 176, 215, 188, 0.8828, -1, -1, -1
1210, 255, 917, 176, 209, 183, 0.8360, -1, -1, -1
1211, 255, 917, 173, 208, 181, 0.8564, -1, -1, -1
1212, 255, 914, 167, 206, 180, 0.8625, -1, -1, -1
1213, 255, 911, 159, 208, 186, 0.8633, -1, -1, -1
1214, 255, 911, 160, 207, 183, 0.8538, -1, -1, -1
1215, 255, 910, 156, 206, 186, 0.8566, -1, -1, -1
1216, 255, 909, 155, 200, 181, 0.8622, -1, -1, -1
1217, 255, 907, 154, 199, 178, 0.7916, -1, -1, -1
1218, 255, 906, 165, 197, 164, 0.8043, -1, -1, -1
1244, 255, 868, 104, 171, 150, 0.8333, -1, -1, -1
1245, 255, 869, 109, 166, 142, 0.8499, -1, -1, -1
1246, 255, 867, 106, 166, 144, 0.8446, -1, -1, -1
1247, 255, 865, 105, 164, 143, 0.8476, -1, -1, -1
1248, 255, 865, 101, 162, 145, 0.7351, -1, -1, -1
1249, 255, 863, 98, 163, 147, 0.7468, -1, -1, -1
1250, 255, 865, 104, 159, 138, 0.7908, -1, -1, -1
1251, 255, 864, 100, 159, 143, 0.7629, -1, -1, -1
1252, 255, 863, 99, 159, 143, 0.7561, -1, -1, -1
1253, 255, 860, 95, 161, 144, 0.7690, -1, -1, -1
1254, 255, 857, 94, 161, 145, 0.7851, -1, -1, -1
1255, 255, 858, 93, 159, 143, 0.8011, -1, -1, -1
1256, 255, 851, 89, 164, 144, 0.7860, -1, -1, -1
1257, 255, 850, 91, 164, 138, 0.7729, -1, -1, -1
1258, 255, 846, 84, 169, 143, 0.8022, -1, -1, -1
1259, 255, 847, 83, 165, 141, 0.8292, -1, -1, -1
1260, 255, 847, 82, 159, 140, 0.8595, -1, -1, -1
1261, 255, 845, 80, 158, 141, 0.8507, -1, -1, -1
1262, 255, 846, 83, 153, 136, 0.8558, -1, -1, -1
1263, 255, 845, 81, 154, 136, 0.8615, -1, -1, -1
1264, 255, 843, 78, 156, 136, 0.8483, -1, -1, -1
1265, 255, 843, 78, 155, 135, 0.8835, -1, -1, -1
1266, 255, 842, 77, 155, 136, 0.8758, -1, -1, -1
1267, 255, 840, 76, 154, 132, 0.7990, -1, -1, -1
1268, 255, 841, 81, 147, 128, 0.7630, -1, -1, -1
1269, 255, 838, 74, 152, 131, 0.7722, -1, -1, -1
1270, 255, 837, 75, 151, 128, 0.7746, -1, -1, -1
1271, 255, 837, 72, 150, 127, 0.7551, -1, -1, -1
1272, 255, 836, 71, 150, 129, 0.7904, -1, -1, -1
1273, 255, 834, 67, 148, 129, 0.7752, -1, -1, -1
1274, 255, 833, 69, 146, 129, 0.7634, -1, -1, -1
1275, 255, 832, 68, 144, 128, 0.7462, -1, -1, -1
1276, 255, 829, 64, 147, 132, 0.7584, -1, -1, -1
1277, 255, 828, 63, 146, 132, 0.7786, -1, -1, -1
1278, 255, 827, 63, 146, 130, 0.7918, -1, -1, -1
1279, 255, 826, 62, 145, 130, 0.8210, -1, -1, -1
1280, 255, 825, 60, 147, 128, 0.8202, -1, -1, -1
1281, 255, 824, 60, 147, 128, 0.7889, -1, -1, -1
1282, 255, 824, 58, 145, 129, 0.8284, -1, -1, -1
1283, 255, 825, 58, 143, 128, 0.8216, -1, -1, -1
1284, 255, 823, 57, 143, 128, 0.7798, -1, -1, -1
1285, 255, 824, 55, 140, 129, 0.7266, -1, -1, -1
1286, 255, 825, 55, 138, 127, 0.6588, -1, -1, -1
1287, 255, 824, 58, 138, 122, 0.6128, -1, -1, -1
1288, 255, 823, 58, 135, 121, 0.6281, -1, -1, -1
1290, 255, 822, 54, 137, 121, 0.6621, -1, -1, -1
1291, 255, 821, 55, 137, 119, 0.6017, -1, -1, -1
1420, 257, 963, 778, 419, 301, 0.7751, -1, -1, -1
1421, 257, 970, 753, 416, 326, 0.8959, -1, -1, -1
1422, 257, 975, 718, 408, 343, 0.8743, -1, -1, -1
1423, 257, 976, 693, 401, 331, 0.9462, -1, -1, -1
1424, 257, 975, 664, 396, 323, 0.8931, -1, -1, -1
1425, 257, 975, 644, 390, 323, 0.9211, -1, -1, -1
1426, 257, 975, 611, 386, 320, 0.8714, -1, -1, -1
1427, 257, 968, 597, 391, 303, 0.8955, -1, -1, -1
1428, 257, 976, 567, 371, 309, 0.9201, -1, -1, -1
1429, 257, 973, 548, 366, 296, 0.9305, -1, -1, -1
1430, 257, 974, 539, 361, 286, 0.9182, -1, -1, -1
1431, 257, 975, 511, 353, 293, 0.9044, -1, -1, -1
1432, 257, 975, 498, 352, 283, 0.9124, -1, -1, -1
1433, 257, 973, 484, 352, 282, 0.9153, -1, -1, -1
1434, 257, 976, 469, 339, 267, 0.8910, -1, -1, -1
1435, 257, 976, 457, 333, 262, 0.8875, -1, -1, -1
1436, 257, 975, 442, 327, 264, 0.8908, -1, -1, -1
1437, 257, 969, 429, 328, 263, 0.8494, -1, -1, -1
1438, 257, 972, 417, 314, 254, 0.8829, -1, -1, -1
1439, 257, 968, 407, 307, 251, 0.8729, -1, -1, -1
1440, 257, 966, 394, 303, 244, 0.8209, -1, -1, -1
1441, 257, 966, 379, 295, 242, 0.7559, -1, -1, -1
1442, 257, 949, 367, 301, 235, 0.8608, -1, -1, -1
1443, 257, 959, 357, 285, 240, 0.7720, -1, -1, -1
1444, 257, 953, 354, 285, 226, 0.8861, -1, -1, -1
1445, 257, 945, 343, 288, 221, 0.8062, -1, -1, -1
1446, 257, 939, 332, 287, 221, 0.8448, -1, -1, -1
1447, 257, 936, 324, 285, 225, 0.8029, -1, -1, -1
1448, 257, 934, 312, 283, 220, 0.8499, -1, -1, -1
1449, 257, 935, 307, 274, 213, 0.8523, -1, -1, -1
1450, 257, 940, 301, 262, 202, 0.8640, -1, -1, -1
1451, 257, 934, 299, 261, 198, 0.8484, -1, -1, -1
1452, 257, 933, 278, 261, 205, 0.8959, -1, -1, -1
1453, 257, 931, 276, 257, 201, 0.8397, -1, -1, -1
1454, 257, 931, 274, 249, 194, 0.7945, -1, -1, -1
1455, 257, 928, 268, 248, 193, 0.8386, -1, -1, -1
1456, 257, 922, 258, 248, 193, 0.8770, -1, -1, -1
1457, 257, 923, 253, 244, 186, 0.8890, -1, -1, -1
1458, 257, 921, 250, 238, 183, 0.8566, -1, -1, -1
1459, 257, 919, 244, 235, 186, 0.8695, -1, -1, -1
1460, 257, 916, 237, 233, 186, 0.8392, -1, -1, -1
1461, 257, 915, 235, 232, 179, 0.8723, -1, -1, -1
1462, 257, 915, 230, 228, 177, 0.8561, -1, -1, -1
1463, 257, 915, 226, 224, 178, 0.8507, -1, -1, -1
1464, 257, 913, 224, 222, 174, 0.8590, -1, -1, -1
1465, 257, 911, 216, 218, 177, 0.8116, -1, -1, -1
1466, 257, 908, 217, 215, 172, 0.8058, -1, -1, -1
1467, 257, 906, 213, 213, 169, 0.8107, -1, -1, -1
1468, 257, 904, 204, 212, 171, 0.8011, -1, -1, -1
1469, 257, 900, 201, 210, 167, 0.8352, -1, -1, -1
1470, 257, 895, 196, 214, 166, 0.7703, -1, -1, -1
1471, 257, 893, 190, 209, 165, 0.8307, -1, -1, -1
1472, 257, 894, 194, 204, 155, 0.8575, -1, -1, -1
1473, 257, 892, 188, 204, 159, 0.8652, -1, -1, -1
1474, 257, 891, 181, 203, 161, 0.8725, -1, -1, -1
1475, 257, 890, 180, 200, 159, 0.8928, -1, -1, -1
1476, 257, 891, 176, 194, 158, 0.8587, -1, -1, -1
1477, 257, 890, 171, 191, 156, 0.8836, -1, -1, -1
1478, 257, 888, 170, 189, 153, 0.8477, -1, -1, -1
1479, 257, 887, 168, 187, 150, 0.8656, -1, -1, -1
1480, 257, 883, 160, 189, 154, 0.8150, -1, -1, -1
1481, 257, 885, 156, 185, 153, 0.8576, -1, -1, -1
1482, 257, 885, 154, 184, 150, 0.8705, -1, -1, -1
1483, 257, 880, 151, 186, 149, 0.8231, -1, -1, -1
1488, 257, 870, 140, 179, 145, 0.8606, -1, -1, -1
1489, 257, 869, 140, 177, 140, 0.8726, -1, -1, -1
1490, 257, 869, 137, 175, 139, 0.8669, -1, -1, -1
1491, 257, 869, 134, 172, 141, 0.8715, -1, -1, -1
1492, 257, 867, 129, 172, 141, 0.8752, -1, -1, -1
1493, 257, 868, 131, 169, 135, 0.8600, -1, -1, -1
1494, 257, 868, 129, 163, 134, 0.8717, -1, -1, -1
1495, 257, 866, 130, 159, 131, 0.8407, -1, -1, -1
1496, 257, 864, 125, 158, 134, 0.8265, -1, -1, -1
1497, 257, 859, 121, 164, 131, 0.7665, -1, -1, -1
1498, 257, 859, 123, 160, 129, 0.8023, -1, -1, -1
1499, 257, 855, 120, 162, 130, 0.8221, -1, -1, -1
1500, 257, 855, 120, 160, 126, 0.8085, -1, -1, -1
1501, 257, 852, 119, 162, 126, 0.8360, -1, -1, -1
1502, 257, 852, 112, 158, 130, 0.8246, -1, -1, -1
1503, 257, 848, 109, 157, 130, 0.8166, -1, -1, -1
1504, 257, 848, 107, 153, 129, 0.8390, -1, -1, -1
1505, 257, 848, 106, 151, 128, 0.8646, -1, -1, -1
1506, 257, 847, 103, 150, 129, 0.8372, -1, -1, -1
1507, 257, 846, 102, 151, 126, 0.8232, -1, -1, -1
1508, 257, 845, 98, 150, 129, 0.8030, -1, -1, -1
1509, 257, 844, 91, 149, 127, 0.7920, -1, -1, -1
1510, 257, 843, 90, 147, 127, 0.7965, -1, -1, -1
1511, 257, 844, 92, 146, 124, 0.7898, -1, -1, -1
1512, 257, 842, 91, 146, 124, 0.8042, -1, -1, -1
1513, 257, 842, 87, 146, 126, 0.7691, -1, -1, -1
1514, 257, 839, 86, 146, 125, 0.7961, -1, -1, -1
1515, 257, 840, 84, 145, 127, 0.8003, -1, -1, -1
1516, 257, 840, 82, 142, 129, 0.7950, -1, -1, -1
1517, 257, 836, 78, 142, 127, 0.8053, -1, -1, -1
1518, 257, 837, 77, 142, 125, 0.8081, -1, -1, -1
1519, 257, 833, 75, 142, 124, 0.8203, -1, -1, -1
1520, 257, 832, 72, 141, 126, 0.8217, -1, -1, -1
1521, 257, 829, 72, 142, 124, 0.7776, -1, -1, -1
1522, 257, 827, 69, 145, 125, 0.7003, -1, -1, -1
1523, 257, 827, 70, 143, 120, 0.6669, -1, -1, -1
1524, 257, 826, 66, 143, 122, 0.7758, -1, -1, -1
1525, 257, 826, 68, 142, 120, 0.6717, -1, -1, -1
1527, 257, 824, 64, 140, 122, 0.6940, -1, -1, -1
1528, 257, 826, 66, 136, 116, 0.7121, -1, -1, -1
1529, 257, 827, 67, 135, 113, 0.6550, -1, -1, -1
1570, 258, 970, 777, 451, 302, 0.6506, -1, -1, -1
1573, 259, 985, 695, 427, 380, 0.8265, -1, -1, -1
1574, 259, 983, 681, 427, 371, 0.8254, -1, -1, -1
1575, 259, 984, 659, 411, 364, 0.9359, -1, -1, -1
1576, 259, 982, 621, 404, 367, 0.8903, -1, -1, -1
1577, 259, 982, 602, 399, 353, 0.8284, -1, -1, -1
1578, 259, 975, 560, 398, 365, 0.9465, -1, -1, -1
1579, 259, 976, 544, 389, 359, 0.8833, -1, -1, -1
1580, 259, 976, 528, 382, 346, 0.9517, -1, -1, -1
1581, 259, 968, 509, 386, 335, 0.9059, -1, -1, -1
1582, 259, 974, 503, 363, 321, 0.9299, -1, -1, -1
1583, 259, 966, 468, 365, 330, 0.8892, -1, -1, -1
1584, 259, 966, 457, 349, 320, 0.9070, -1, -1, -1
1585, 259, 958, 446, 350, 318, 0.9109, -1, -1, -1
1586, 259, 958, 438, 342, 298, 0.8284, -1, -1, -1
1587, 259, 954, 421, 333, 297, 0.8705, -1, -1, -1
1588, 259, 948, 411, 330, 285, 0.8511, -1, -1, -1
1589, 259, 940, 401, 322, 277, 0.7974, -1, -1, -1
1590, 259, 934, 371, 324, 296, 0.8828, -1, -1, -1
1591, 259, 930, 369, 320, 276, 0.8927, -1, -1, -1
1592, 259, 927, 357, 314, 272, 0.8813, -1, -1, -1
1593, 259, 929, 354, 302, 263, 0.8916, -1, -1, -1
1594, 259, 925, 345, 298, 254, 0.8923, -1, -1, -1
1595, 259, 923, 335, 293, 252, 0.8488, -1, -1, -1
1596, 259, 923, 322, 291, 249, 0.8362, -1, -1, -1
1597, 259, 922, 314, 279, 250, 0.8336, -1, -1, -1
1598, 259, 918, 306, 278, 241, 0.8610, -1, -1, -1
1598, 260, 704, 52, 136, 123, 0.6016, -1, -1, -1
1599, 259, 923, 301, 274, 241, 0.8417, -1, -1, -1
1599, 260, 703, 53, 135, 122, 0.6382, -1, -1, -1
1600, 259, 922, 285, 269, 238, 0.8657, -1, -1, -1
1600, 260, 704, 54, 136, 123, 0.7107, -1, -1, -1
1601, 259, 918, 275, 268, 238, 0.8175, -1, -1, -1
1601, 260, 704, 55, 136, 122, 0.7413, -1, -1, -1
1602, 259, 924, 270, 257, 232, 0.8234, -1, -1, -1
1602, 260, 702, 54, 140, 125, 0.7317, -1, -1, -1
1603, 259, 920, 264, 255, 232, 0.6744, -1, -1, -1
1603, 260, 701, 56, 140, 125, 0.7828, -1, -1, -1
1604, 259, 919, 256, 255, 231, 0.7477, -1, -1, -1
1604, 260, 700, 57, 141, 126, 0.7963, -1, -1, -1
1605, 259, 917, 249, 256, 225, 0.8360, -1, -1, -1
1605, 260, 700, 57, 140, 127, 0.8265, -1, -1, -1
1606, 259, 915, 237, 255, 226, 0.8271, -1, -1, -1
1606, 260, 701, 58, 140, 127, 0.8424, -1, -1, -1
1607, 259, 916, 237, 249, 219, 0.8033, -1, -1, -1
1607, 260, 701, 59, 140, 126, 0.8382, -1, -1, -1
1608, 259, 918, 232, 243, 218, 0.7638, -1, -1, -1
1608, 260, 700, 61, 141, 126, 0.8350, -1, -1, -1
1609, 259, 919, 228, 240, 211, 0.7234, -1, -1, -1
1609, 260, 698, 64, 141, 122, 0.8146, -1, -1, -1
1610, 259, 920, 222, 235, 211, 0.7695, -1, -1, -1
1610, 260, 697, 64, 141, 123, 0.8222, -1, -1, -1
1611, 259, 919, 217, 234, 201, 0.7460, -1, -1, -1
1611, 260, 698, 68, 139, 121, 0.8438, -1, -1, -1
1612, 259, 918, 211, 231, 204, 0.7347, -1, -1, -1
1612, 260, 696, 67, 141, 122, 0.8345, -1, -1, -1
1613, 259, 919, 207, 231, 203, 0.8190, -1, -1, -1
1613, 260, 693, 64, 145, 128, 0.8675, -1, -1, -1
1614, 259, 918, 204, 229, 202, 0.8297, -1, -1, -1
1614, 260, 690, 69, 146, 124, 0.8337, -1, -1, -1
1615, 259, 918, 203, 228, 196, 0.8455, -1, -1, -1
1615, 260, 689, 72, 145, 123, 0.8278, -1, -1, -1
1616, 259, 920, 203, 222, 192, 0.7978, -1, -1, -1
1616, 260, 686, 71, 147, 124, 0.8125, -1, -1, -1
1617, 259, 918, 196, 220, 190, 0.7915, -1, -1, -1
1617, 260, 687, 73, 142, 125, 0.8287, -1, -1, -1
1618, 259, 915, 186, 221, 197, 0.8868, -1, -1, -1
1618, 260, 685, 70, 142, 129, 0.8390, -1, -1, -1
1619, 259, 916, 189, 214, 187, 0.8523, -1, -1, -1
1619, 260, 687, 72, 142, 129, 0.8488, -1, -1, -1
1620, 259, 916, 184, 212, 187, 0.8669, -1, -1, -1
1620, 260, 685, 72, 139, 128, 0.8378, -1, -1, -1
1621, 259, 916, 179, 210, 187, 0.8948, -1, -1, -1
1621, 260, 683, 71, 141, 134, 0.8422, -1, -1, -1
1622, 259, 916, 179, 208, 182, 0.8533, -1, -1, -1
1622, 260, 680, 74, 142, 132, 0.8573, -1, -1, -1
1623, 259, 916, 175, 206, 180, 0.8567, -1, -1, -1
1623, 260, 679, 78, 142, 130, 0.8721, -1, -1, -1
1624, 259, 915, 174, 205, 174, 0.8514, -1, -1, -1
1624, 260, 676, 77, 145, 132, 0.8900, -1, -1, -1
1625, 259, 914, 171, 204, 173, 0.8472, -1, -1, -1
1625, 260, 674, 79, 145, 132, 0.8878, -1, -1, -1
1626, 259, 914, 165, 201, 175, 0.8614, -1, -1, -1
1626, 260, 672, 77, 147, 135, 0.8772, -1, -1, -1
1627, 259, 912, 154, 199, 180, 0.8803, -1, -1, -1
1627, 260, 671, 81, 148, 133, 0.8922, -1, -1, -1
1628, 259, 911, 153, 194, 177, 0.8873, -1, -1, -1
1628, 260, 668, 81, 148, 134, 0.8923, -1, -1, -1
1629, 259, 911, 153, 189, 171, 0.8988, -1, -1, -1
1630, 259, 910, 153, 188, 165, 0.8543, -1, -1, -1
1630, 260, 669, 81, 147, 135, 0.8190, -1, -1, -1
1651, 259, 869, 105, 163, 143, 0.7808, -1, -1, -1
1652, 259, 869, 104, 160, 143, 0.6931, -1, -1, -1
1654, 259, 869, 100, 155, 142, 0.6792, -1, -1, -1
1656, 259, 865, 94, 155, 145, 0.7223, -1, -1, -1
1657, 259, 864, 87, 155, 151, 0.7824, -1, -1, -1
1658, 259, 863, 86, 154, 149, 0.7842, -1, -1, -1
1659, 259, 864, 88, 153, 142, 0.7984, -1, -1, -1
1660, 259, 860, 85, 157, 142, 0.8156, -1, -1, -1
1661, 259, 860, 87, 153, 137, 0.8195, -1, -1, -1
1662, 259, 858, 94, 149, 126, 0.6920, -1, -1, -1
1663, 259, 856, 92, 154, 127, 0.7445, -1, -1, -1
1664, 259, 856, 92, 146, 124, 0.7160, -1, -1, -1
1665, 259, 852, 88, 146, 127, 0.7285, -1, -1, -1
1666, 259, 850, 84, 148, 131, 0.8065, -1, -1, -1
1667, 259, 847, 80, 149, 133, 0.7242, -1, -1, -1
1668, 259, 848, 79, 147, 133, 0.8266, -1, -1, -1
1669, 259, 845, 70, 147, 140, 0.7025, -1, -1, -1
1672, 259, 842, 62, 143, 137, 0.6280, -1, -1, -1
1674, 259, 839, 66, 142, 130, 0.7313, -1, -1, -1
1675, 259, 839, 71, 138, 121, 0.6376, -1, -1, -1
1676, 259, 839, 71, 136, 121, 0.6188, -1, -1, -1
1684, 261, 609, 171, 211, 183, 0.8325, -1, -1, -1
1685, 261, 609, 172, 212, 185, 0.8642, -1, -1, -1
1686, 261, 610, 177, 211, 185, 0.8670, -1, -1, -1
1687, 261, 608, 178, 215, 192, 0.8681, -1, -1, -1
1688, 261, 606, 178, 217, 194, 0.8910, -1, -1, -1
1689, 261, 605, 177, 220, 199, 0.8736, -1, -1, -1
1690, 261, 603, 180, 223, 202, 0.8682, -1, -1, -1
1691, 261, 602, 183, 224, 202, 0.8450, -1, -1, -1
1692, 261, 602, 186, 226, 199, 0.8455, -1, -1, -1
1693, 261, 605, 194, 228, 197, 0.8377, -1, -1, -1
1694, 261, 604, 194, 228, 201, 0.8138, -1, -1, -1
1695, 261, 606, 197, 228, 200, 0.8491, -1, -1, -1
1696, 261, 607, 201, 229, 200, 0.8532, -1, -1, -1
1697, 261, 606, 203, 234, 198, 0.8990, -1, -1, -1
1698, 261, 607, 203, 234, 198, 0.8678, -1, -1, -1
1699, 261, 605, 202, 233, 207, 0.8474, -1, -1, -1
1700, 261, 606, 206, 240, 205, 0.8165, -1, -1, -1
1701, 261, 607, 212, 239, 204, 0.7846, -1, -1, -1
1702, 261, 604, 211, 241, 213, 0.7532, -1, -1, -1
1703, 261, 608, 218, 240, 209, 0.8189, -1, -1, -1
1704, 261, 609, 220, 242, 212, 0.8058, -1, -1, -1
1705, 261, 610, 223, 244, 212, 0.8390, -1, -1, -1
1706, 261, 609, 225, 250, 213, 0.8239, -1, -1, -1
1707, 261, 609, 228, 256, 218, 0.7981, -1, -1, -1
1708, 261, 605, 229, 263, 221, 0.8009, -1, -1, -1
1709, 261, 610, 243, 258, 214, 0.7909, -1, -1, -1
1710, 261, 613, 248, 257, 220, 0.7672, -1, -1, -1
1711, 261, 614, 254, 258, 222, 0.7729, -1, -1, -1
1712, 261, 617, 256, 260, 234, 0.7506, -1, -1, -1
1713, 261, 615, 265, 266, 235, 0.7552, -1, -1, -1
1714, 261, 618, 265, 263, 238, 0.7521, -1, -1, -1
1715, 261, 617, 271, 268, 236, 0.8084, -1, -1, -1
1716, 261, 610, 271, 278, 242, 0.7968, -1, -1, -1
1717, 261, 606, 272, 282, 249, 0.7933, -1, -1, -1
1718, 261, 612, 286, 278, 246, 0.7354, -1, -1, -1
1719, 261, 614, 296, 276, 253, 0.7135, -1, -1, -1
1720, 261, 609, 284, 283, 272, 0.7680, -1, -1, -1
1721, 261, 599, 297, 293, 266, 0.7928, -1, -1, -1
1722, 261, 608, 303, 283, 266, 0.7929, -1, -1, -1
1723, 261, 594, 308, 298, 268, 0.8020, -1, -1, -1
1724, 261, 599, 318, 292, 267, 0.7355, -1, -1, -1
1725, 261, 594, 318, 299, 283, 0.7570, -1, -1, -1
1726, 261, 595, 344, 299, 265, 0.7992, -1, -1, -1
1727, 261, 595, 342, 299, 274, 0.7961, -1, -1, -1
1728, 261, 591, 341, 305, 287, 0.7925, -1, -1, -1
1729, 261, 587, 359, 308, 276, 0.7415, -1, -1, -1
1730, 261, 584, 365, 310, 281, 0.7787, -1, -1, -1
1731, 261, 579, 362, 317, 299, 0.8262, -1, -1, -1
1732, 261, 575, 364, 326, 307, 0.8644, -1, -1, -1
1733, 261, 573, 372, 327, 308, 0.8780, -1, -1, -1
1734, 261, 572, 387, 327, 302, 0.8546, -1, -1, -1
1735, 261, 572, 389, 329, 316, 0.8899, -1, -1, -1
1736, 261, 572, 404, 332, 318, 0.8694, -1, -1, -1
1737, 261, 566, 408, 340, 326, 0.8658, -1, -1, -1
1738, 261, 567, 409, 342, 335, 0.8674, -1, -1, -1
1739, 261, 566, 415, 344, 349, 0.8291, -1, -1, -1
1740, 261, 564, 422, 348, 356, 0.8384, -1, -1, -1
1741, 261, 558, 439, 355, 361, 0.7712, -1, -1, -1
1742, 261, 555, 453, 358, 362, 0.8338, -1, -1, -1
1743, 261, 548, 462, 366, 363, 0.7928, -1, -1, -1
1744, 261, 541, 469, 374, 383, 0.8177, -1, -1, -1
1745, 261, 538, 499, 373, 365, 0.8120, -1, -1, -1
1746, 261, 535, 508, 380, 369, 0.8451, -1, -1, -1
1747, 261, 524, 509, 393, 396, 0.8340, -1, -1, -1
1748, 261, 519, 540, 395, 382, 0.8899, -1, -1, -1
1749, 261, 518, 555, 396, 378, 0.8493, -1, -1, -1
1750, 261, 516, 555, 399, 405, 0.8138, -1, -1, -1
1751, 261, 502, 550, 415, 420, 0.8467, -1, -1, -1
1752, 261, 490, 601, 421, 398, 0.7411, -1, -1, -1
1753, 261, 483, 615, 425, 400, 0.7817, -1, -1, -1
1754, 261, 470, 603, 438, 425, 0.8258, -1, -1, -1
1755, 261, 464, 663, 439, 397, 0.7964, -1, -1, -1
1756, 261, 462, 665, 428, 409, 0.6571, -1, -1, -1
1771, 262, 1084, 579, 424, 391, 0.6347, -1, -1, -1
1774, 262, 1044, 532, 414, 376, 0.6402, -1, -1, -1
1775, 262, 1043, 539, 392, 344, 0.6232, -1, -1, -1
1778, 262, 1014, 543, 379, 286, 0.6246, -1, -1, -1
1779, 262, 1007, 445, 371, 355, 0.6563, -1, -1, -1
1782, 262, 972, 393, 372, 345, 0.7321, -1, -1, -1
1802, 263, 937, 242, 285, 269, 0.6264, -1, -1, -1
1803, 263, 933, 237, 288, 264, 0.6706, -1, -1, -1
1808, 263, 944, 218, 266, 249, 0.6776, -1, -1, -1
1809, 263, 946, 222, 260, 239, 0.7123, -1, -1, -1
1827, 264, 987, 157, 249, 234, 0.6553, -1, -1, -1
1828, 264, 994, 156, 255, 232, 0.6102, -1, -1, -1
1846, 265, 1284, 104, 260, 208, 0.8394, -1, -1, -1
1847, 265, 1288, 101, 271, 217, 0.6116, -1, -1, -1
1903, 266, 697, 61, 123, 108, 0.6273, -1, -1, -1
1906, 267, 698, 60, 125, 112, 0.7355, -1, -1, -1
1907, 267, 698, 60, 126, 111, 0.8156, -1, -1, -1
1908, 267, 698, 61, 128, 112, 0.8124, -1, -1, -1
1909, 267, 699, 61, 128, 111, 0.8279, -1, -1, -1
1910, 267, 700, 62, 128, 109, 0.8469, -1, -1, -1
1911, 267, 699, 65, 128, 109, 0.8526, -1, -1, -1
1912, 267, 700, 67, 129, 107, 0.8409, -1, -1, -1
1913, 267, 700, 69, 128, 108, 0.8569, -1, -1, -1
1914, 267, 699, 70, 129, 108, 0.8444, -1, -1, -1
1915, 267, 698, 71, 130, 109, 0.8490, -1, -1, -1
1916, 267, 698, 73, 132, 107, 0.8512, -1, -1, -1
1917, 267, 698, 75, 132, 107, 0.8401, -1, -1, -1
1918, 267, 696, 75, 133, 109, 0.8737, -1, -1, -1
1919, 267, 697, 76, 133, 110, 0.8607, -1, -1, -1
1920, 267, 696, 75, 133, 111, 0.8602, -1, -1, -1
1921, 267, 697, 76, 134, 112, 0.8561, -1, -1, -1
1922, 267, 693, 77, 137, 113, 0.8660, -1, -1, -1
1923, 267, 693, 78, 137, 114, 0.8809, -1, -1, -1
1924, 267, 692, 79, 139, 115, 0.8900, -1, -1, -1
1925, 267, 693, 80, 137, 114, 0.8941, -1, -1, -1
1926, 267, 693, 82, 138, 114, 0.8914, -1, -1, -1
1927, 267, 691, 83, 139, 114, 0.8959, -1, -1, -1
1928, 267, 690, 84, 139, 115, 0.9019, -1, -1, -1
1929, 267, 690, 85, 140, 118, 0.9017, -1, -1, -1
1930, 267, 690, 88, 141, 117, 0.8786, -1, -1, -1
1931, 267, 688, 90, 144, 117, 0.8852, -1, -1, -1
1932, 267, 686, 94, 145, 115, 0.8916, -1, -1, -1
1933, 267, 685, 95, 145, 116, 0.9017, -1, -1, -1
1934, 267, 683, 95, 146, 117, 0.8816, -1, -1, -1
1935, 267, 688, 95, 140, 123, 0.8609, -1, -1, -1
1936, 267, 687, 97, 139, 124, 0.8696, -1, -1, -1
1937, 267, 687, 97, 140, 125, 0.8694, -1, -1, -1
1938, 267, 683, 97, 142, 125, 0.8649, -1, -1, -1
1939, 267, 682, 99, 143, 125, 0.8452, -1, -1, -1
1940, 267, 680, 101, 145, 130, 0.8266, -1, -1, -1
1941, 267, 678, 102, 146, 131, 0.8368, -1, -1, -1
1942, 267, 676, 103, 148, 132, 0.8553, -1, -1, -1
1943, 267, 676, 105, 147, 132, 0.8593, -1, -1, -1
1944, 267, 674, 112, 148, 127, 0.8584, -1, -1, -1
1945, 267, 673, 115, 148, 127, 0.8468, -1, -1, -1
1946, 267, 671, 118, 150, 127, 0.8667, -1, -1, -1
1947, 267, 669, 119, 152, 129, 0.8520, -1, -1, -1
1969, 267, 608, 175, 190, 151, 0.8633, -1, -1, -1
1970, 267, 607, 182, 190, 148, 0.8549, -1, -1, -1
1971, 267, 607, 184, 192, 154, 0.8399, -1, -1, -1
1972, 267, 604, 187, 194, 156, 0.8493, -1, -1, -1
1973, 267, 604, 191, 197, 156, 0.8505, -1, -1, -1
1974, 267, 600, 194, 198, 155, 0.8227, -1, -1, -1
1975, 267, 598, 196, 200, 157, 0.8325, -1, -1, -1
1976, 267, 595, 204, 203, 156, 0.8255, -1, -1, -1
1977, 267, 595, 202, 206, 169, 0.8149, -1, -1, -1
1978, 267, 592, 202, 209, 172, 0.8386, -1, -1, -1
1979, 267, 592, 210, 213, 170, 0.8323, -1, -1, -1
1980, 267, 586, 214, 215, 169, 0.8152, -1, -1, -1
1981, 267, 587, 220, 220, 169, 0.8400, -1, -1, -1
1982, 267, 587, 223, 221, 174, 0.8063, -1, -1, -1
1983, 267, 584, 225, 223, 176, 0.7726, -1, -1, -1
1984, 267, 583, 226, 225, 178, 0.8319, -1, -1, -1
1985, 267, 583, 233, 226, 177, 0.8448, -1, -1, -1
1986, 267, 582, 238, 229, 178, 0.8267, -1, -1, -1
1987, 267, 581, 246, 230, 175, 0.7854, -1, -1, -1
1988, 267, 579, 251, 232, 179, 0.7737, -1, -1, -1
1989, 267, 577, 252, 233, 182, 0.7592, -1, -1, -1
1990, 267, 574, 258, 239, 184, 0.7863, -1, -1, -1
1991, 267, 567, 264, 245, 181, 0.8249, -1, -1, -1
1992, 267, 566, 268, 248, 189, 0.8416, -1, -1, -1
1993, 267, 563, 272, 249, 192, 0.8049, -1, -1, -1
1994, 267, 558, 280, 252, 198, 0.8725, -1, -1, -1
1995, 267, 557, 287, 255, 203, 0.8513, -1, -1, -1
1996, 267, 543, 295, 271, 218, 0.7869, -1, -1, -1
1997, 267, 549, 306, 264, 207, 0.8155, -1, -1, -1
1998, 267, 535, 318, 279, 220, 0.7907, -1, -1, -1
1999, 267, 529, 329, 285, 224, 0.8260, -1, -1, -1
2000, 267, 523, 345, 291, 218, 0.8956, -1, -1, -1
2001, 267, 520, 357, 293, 227, 0.8918, -1, -1, -1
2002, 267, 520, 367, 293, 225, 0.8616, -1, -1, -1
2003, 267, 517, 373, 298, 233, 0.8715, -1, -1, -1
2004, 267, 517, 385, 299, 235, 0.8929, -1, -1, -1
2005, 267, 514, 399, 300, 236, 0.8739, -1, -1, -1
2006, 267, 507, 410, 306, 243, 0.8293, -1, -1, -1
2007, 267, 509, 426, 306, 242, 0.8402, -1, -1, -1
2008, 267, 502, 444, 312, 241, 0.8491, -1, -1, -1
2009, 267, 496, 459, 318, 242, 0.8102, -1, -1, -1
2010, 267, 489, 472, 326, 248, 0.8484, -1, -1, -1
2011, 267, 482, 493, 332, 250, 0.8607, -1, -1, -1
2012, 267, 478, 502, 339, 269, 0.8449, -1, -1, -1
2013, 267, 476, 517, 341, 274, 0.8534, -1, -1, -1
2014, 267, 468, 535, 347, 285, 0.8081, -1, -1, -1
2015, 267, 465, 549, 356, 296, 0.8397, -1, -1, -1
2016, 267, 457, 567, 365, 304, 0.8161, -1, -1, -1
2017, 267, 445, 580, 376, 323, 0.8413, -1, -1, -1
2018, 267, 436, 618, 381, 312, 0.8222, -1, -1, -1
2019, 267, 420, 633, 392, 333, 0.8203, -1, -1, -1
2020, 267, 409, 662, 395, 335, 0.7780, -1, -1, -1
2021, 267, 385, 684, 420, 341, 0.7532, -1, -1, -1
2022, 267, 370, 709, 426, 349, 0.8693, -1, -1, -1
2023, 267, 350, 744, 428, 334, 0.7282, -1, -1, -1
2024, 267, 320, 757, 447, 322, 0.6225, -1, -1, -1
2047, 268, 1128, 823, 424, 256, 0.6089, -1, -1, -1
2048, 268, 1134, 791, 402, 269, 0.6450, -1, -1, -1
2049, 268, 1130, 750, 407, 329, 0.7326, -1, -1, -1
2050, 268, 1128, 726, 407, 352, 0.8907, -1, -1, -1
2051, 268, 1119, 716, 405, 330, 0.8313, -1, -1, -1
2052, 268, 1127, 689, 382, 331, 0.9090, -1, -1, -1
2053, 268, 1125, 670, 374, 315, 0.8147, -1, -1, -1
2054, 268, 1118, 642, 368, 306, 0.8019, -1, -1, -1
2055, 268, 1112, 614, 368, 313, 0.8528, -1, -1, -1
2056, 268, 1107, 598, 351, 297, 0.7838, -1, -1, -1
2057, 268, 1088, 565, 363, 306, 0.8757, -1, -1, -1
2058, 268, 1082, 562, 346, 286, 0.6818, -1, -1, -1
2059, 268, 1074, 539, 347, 289, 0.7462, -1, -1, -1
2060, 268, 1071, 524, 336, 284, 0.8008, -1, -1, -1
2061, 268, 1068, 511, 329, 270, 0.8285, -1, -1, -1
2062, 268, 1048, 496, 330, 266, 0.8290, -1, -1, -1
2063, 268, 1033, 473, 326, 266, 0.7322, -1, -1, -1
2064, 268, 1030, 464, 320, 255, 0.6791, -1, -1, -1
2065, 268, 1024, 452, 312, 255, 0.7784, -1, -1, -1
2066, 268, 1018, 442, 306, 245, 0.7876, -1, -1, -1
2068, 268, 997, 414, 297, 242, 0.7033, -1, -1, -1
2069, 268, 984, 405, 297, 239, 0.8304, -1, -1, -1
2070, 268, 978, 392, 296, 234, 0.8284, -1, -1, -1
2071, 268, 981, 382, 284, 225, 0.7081, -1, -1, -1
2072, 268, 980, 368, 271, 234, 0.6350, -1, -1, -1
2073, 268, 976, 363, 266, 229, 0.6918, -1, -1, -1
2079, 268, 962, 310, 243, 201, 0.7462, -1, -1, -1
2080, 268, 961, 303, 241, 199, 0.8450, -1, -1, -1
2082, 268, 959, 286, 231, 198, 0.7664, -1, -1, -1
2083, 268, 956, 280, 233, 191, 0.7731, -1, -1, -1
2084, 268, 957, 274, 232, 193, 0.7743, -1, -1, -1
2085, 268, 957, 264, 225, 191, 0.7888, -1, -1, -1
2086, 268, 957, 258, 224, 191, 0.8174, -1, -1, -1
2087, 268, 955, 258, 222, 185, 0.8326, -1, -1, -1
2088, 268, 959, 251, 217, 182, 0.8063, -1, -1, -1
2089, 268, 959, 249, 213, 180, 0.7593, -1, -1, -1
2090, 268, 959, 241, 213, 180, 0.7974, -1, -1, -1
2091, 268, 959, 236, 212, 180, 0.8010, -1, -1, -1
2092, 268, 959, 234, 207, 175, 0.7941, -1, -1, -1
2093, 268, 961, 230, 205, 172, 0.8306, -1, -1, -1
2094, 268, 959, 225, 202, 171, 0.8323, -1, -1, -1
2095, 268, 961, 221, 200, 171, 0.8248, -1, -1, -1
2096, 268, 960, 219, 197, 169, 0.8194, -1, -1, -1
2097, 268, 961, 214, 193, 167, 0.8453, -1, -1, -1
2098, 268, 961, 203, 193, 171, 0.8176, -1, -1, -1
2099, 268, 963, 205, 187, 163, 0.8155, -1, -1, -1
2100, 268, 964, 204, 183, 163, 0.8179, -1, -1, -1
2101, 268, 963, 200, 181, 159, 0.7867, -1, -1, -1
2102, 268, 962, 201, 180, 152, 0.7805, -1, -1, -1
2103, 268, 955, 193, 186, 155, 0.6457, -1, -1, -1
2104, 268, 954, 186, 184, 157, 0.7120, -1, -1, -1
2105, 268, 953, 181, 181, 159, 0.7480, -1, -1, -1
2106, 268, 948, 180, 181, 156, 0.6231, -1, -1, -1
2108, 268, 947, 176, 179, 149, 0.7341, -1, -1, -1
2112, 268, 943, 156, 174, 150, 0.6230, -1, -1, -1
2113, 268, 941, 159, 169, 141, 0.6020, -1, -1, -1
2117, 268, 930, 156, 162, 130, 0.6209, -1, -1, -1
