217, 1, 1106, 787, 400, 291, -1, -1, -1, -1
218, 1, 1092, 759, 413, 315, -1, -1, -1, -1
219, 1, 1091, 724, 400, 311, -1, -1, -1, -1
220, 1, 1092, 701, 394, 303, -1, -1, -1, -1
221, 1, 1086, 672, 390, 301, -1, -1, -1, -1
222, 1, 1079, 645, 380, 294, -1, -1, -1, -1
223, 1, 1074, 620, 373, 290, -1, -1, -1, -1
224, 1, 1071, 599, 364, 281, -1, -1, -1, -1
225, 1, 1064, 574, 357, 279, -1, -1, -1, -1
226, 1, 1053, 553, 351, 272, -1, -1, -1, -1
227, 1, 1038, 535, 345, 266, -1, -1, -1, -1
228, 1, 1028, 515, 337, 261, -1, -1, -1, -1
229, 1, 1022, 500, 328, 255, -1, -1, -1, -1
230, 1, 1012, 481, 321, 251, -1, -1, -1, -1
231, 1, 1001, 464, 316, 248, -1, -1, -1, -1
232, 1, 987, 451, 311, 243, -1, -1, -1, -1
233, 1, 977, 433, 305, 240, -1, -1, -1, -1
234, 1, 971, 421, 298, 235, -1, -1, -1, -1
235, 1, 960, 406, 292, 229, -1, -1, -1, -1
236, 1, 957, 397, 285, 222, -1, -1, -1, -1
237, 1, 949, 384, 282, 217, -1, -1, -1, -1
238, 1, 941, 375, 277, 213, -1, -1, -1, -1
239, 1, 935, 361, 270, 211, -1, -1, -1, -1
240, 1, 931, 351, 264, 206, -1, -1, -1, -1
241, 1, 929, 343, 257, 202, -1, -1, -1, -1
242, 1, 926, 333, 251, 198, -1, -1, -1, -1
243, 1, 925, 323, 246, 192, -1, -1, -1, -1
244, 1, 922, 312, 242, 189, -1, -1, -1, -1
245, 1, 918, 305, 238, 183, -1, -1, -1, -1
246, 1, 917, 298, 232, 180, -1, -1, -1, -1
247, 1, 916, 292, 227, 176, -1, -1, -1, -1
248, 1, 916, 285, 223, 173, -1, -1, -1, -1
249, 1, 915, 279, 220, 171, -1, -1, -1, -1
250, 1, 913, 272, 216, 168, -1, -1, -1, -1
251, 1, 911, 266, 212, 167, -1, -1, -1, -1
252, 1, 911, 261, 207, 164, -1, -1, -1, -1
253, 1, 910, 256, 204, 162, -1, -1, -1, -1
254, 1, 908, 251, 201, 161, -1, -1, -1, -1
255, 1, 905, 245, 197, 158, -1, -1, -1, -1
256, 1, 903, 241, 195, 156, -1, -1, -1, -1
257, 1, 902, 236, 192, 153, -1, -1, -1, -1
258, 1, 900, 232, 189, 152, -1, -1, -1, -1
259, 1, 898, 228, 187, 150, -1, -1, -1, -1
260, 1, 897, 225, 184, 147, -1, -1, -1, -1
261, 1, 895, 220, 182, 145, -1, -1, -1, -1
262, 1, 894, 215, 178, 144, -1, -1, -1, -1
263, 1, 891, 210, 177, 144, -1, -1, -1, -1
264, 1, 891, 206, 174, 141, -1, -1, -1, -1
265, 1, 889, 202, 173, 139, -1, -1, -1, -1
266, 1, 887, 199, 171, 137, -1, -1, -1, -1
267, 1, 883, 195, 170, 136, -1, -1, -1, -1
268, 1, 882, 191, 169, 134, -1, -1, -1, -1
269, 1, 881, 187, 166, 132, -1, -1, -1, -1
270, 1, 879, 182, 165, 130, -1, -1, -1, -1
271, 1, 879, 181, 162, 129, -1, -1, -1, -1
272, 1, 878, 176, 161, 129, -1, -1, -1, -1
273, 1, 877, 173, 159, 127, -1, -1, -1, -1
274, 1, 877, 170, 157, 124, -1, -1, -1, -1
275, 1, 876, 166, 156, 123, -1, -1, -1, -1
276, 1, 875, 164, 153, 121, -1, -1, -1, -1
277, 1, 875, 161, 151, 120, -1, -1, -1, -1
278, 1, 874, 160, 149, 118, -1, -1, -1, -1
279, 1, 874, 158, 147, 117, -1, -1, -1, -1
280, 1, 873, 155, 145, 115, -1, -1, -1, -1
281, 1, 872, 151, 144, 116, -1, -1, -1, -1
282, 1, 871, 149, 143, 115, -1, -1, -1, -1
283, 1, 870, 147, 142, 114, -1, -1, -1, -1
284, 1, 871, 144, 141, 115, -1, -1, -1, -1
285, 1, 871, 141, 140, 116, -1, -1, -1, -1
286, 1, 870, 139, 138, 115, -1, -1, -1, -1
287, 1, 870, 137, 136, 113, -1, -1, -1, -1
288, 1, 870, 135, 135, 111, -1, -1, -1, -1
289, 1, 870, 134, 134, 108, -1, -1, -1, -1
290, 1, 869, 133, 133, 107, -1, -1, -1, -1
291, 1, 867, 132, 133, 106, -1, -1, -1, -1
292, 1, 866, 132, 130, 105, -1, -1, -1, -1
293, 1, 865, 130, 128, 105, -1, -1, -1, -1
294, 1, 863, 127, 127, 104, -1, -1, -1, -1
295, 1, 863, 126, 126, 103, -1, -1, -1, -1
296, 1, 861, 121, 126, 105, -1, -1, -1, -1
297, 1, 860, 118, 125, 105, -1, -1, -1, -1
298, 1, 858, 114, 124, 106, -1, -1, -1, -1
299, 1, 857, 112, 123, 104, -1, -1, -1, -1
300, 1, 856, 110, 124, 104, -1, -1, -1, -1
301, 1, 854, 107, 124, 104, -1, -1, -1, -1
302, 1, 854, 104, 123, 104, -1, -1, -1, -1
303, 1, 853, 103, 123, 103, -1, -1, -1, -1
304, 1, 853, 101, 123, 103, -1, -1, -1, -1
305, 1, 852, 98, 123, 103, -1, -1, -1, -1
306, 1, 850, 95, 121, 103, -1, -1, -1, -1
307, 1, 849, 94, 120, 102, -1, -1, -1, -1
308, 1, 847, 90, 121, 102, -1, -1, -1, -1
309, 1, 847, 88, 120, 102, -1, -1, -1, -1
310, 1, 845, 86, 120, 102, -1, -1, -1, -1
311, 1, 845, 83, 120, 104, -1, -1, -1, -1
312, 1, 844, 82, 120, 103, -1, -1, -1, -1
313, 1, 842, 81, 120, 103, -1, -1, -1, -1
314, 1, 841, 79, 120, 103, -1, -1, -1, -1
315, 1, 841, 76, 119, 104, -1, -1, -1, -1
316, 1, 840, 76, 119, 104, -1, -1, -1, -1
317, 1, 838, 75, 118, 104, -1, -1, -1, -1
318, 1, 837, 74, 118, 103, -1, -1, -1, -1
319, 1, 836, 74, 118, 101, -1, -1, -1, -1
320, 1, 835, 73, 118, 100, -1, -1, -1, -1
322, 1, 834, 71, 117, 99, -1, -1, -1, -1
423, 2, 693, 61, 128, 114, -1, -1, -1, -1
424, 2, 693, 64, 126, 111, -1, -1, -1, -1
425, 3, 1285, 118, 297, 164, -1, -1, -1, -1
425, 2, 694, 66, 125, 109, -1, -1, -1, -1
426, 3, 1287, 121, 291, 163, -1, -1, -1, -1
426, 2, 694, 67, 126, 107, -1, -1, -1, -1
427, 3, 1287, 122, 288, 162, -1, -1, -1, -1
427, 2, 695, 71, 126, 105, -1, -1, -1, -1
428, 3, 1285, 123, 287, 162, -1, -1, -1, -1
428, 2, 694, 72, 128, 105, -1, -1, -1, -1
429, 3, 1282, 120, 287, 163, -1, -1, -1, -1
429, 2, 694, 74, 127, 104, -1, -1, -1, -1
430, 3, 1279, 119, 289, 164, -1, -1, -1, -1
430, 2, 693, 74, 128, 106, -1, -1, -1, -1
431, 3, 1278, 119, 290, 165, -1, -1, -1, -1
431, 2, 692, 75, 129, 106, -1, -1, -1, -1
432, 3, 1278, 120, 291, 165, -1, -1, -1, -1
432, 2, 691, 77, 130, 107, -1, -1, -1, -1
433, 3, 1281, 121, 288, 164, -1, -1, -1, -1
433, 2, 689, 76, 132, 108, -1, -1, -1, -1
434, 3, 1282, 122, 287, 163, -1, -1, -1, -1
434, 2, 687, 75, 133, 111, -1, -1, -1, -1
435, 3, 1284, 123, 285, 164, -1, -1, -1, -1
435, 2, 686, 76, 134, 112, -1, -1, -1, -1
436, 3, 1284, 123, 285, 164, -1, -1, -1, -1
436, 2, 687, 78, 134, 112, -1, -1, -1, -1
437, 3, 1285, 123, 284, 164, -1, -1, -1, -1
437, 2, 686, 77, 135, 113, -1, -1, -1, -1
438, 3, 1285, 123, 284, 164, -1, -1, -1, -1
438, 2, 686, 78, 135, 113, -1, -1, -1, -1
439, 3, 1285, 123, 284, 164, -1, -1, -1, -1
439, 2, 685, 79, 136, 114, -1, -1, -1, -1
440, 3, 1285, 123, 284, 164, -1, -1, -1, -1
440, 2, 684, 78, 137, 115, -1, -1, -1, -1
441, 3, 1285, 123, 284, 164, -1, -1, -1, -1
441, 2, 684, 79, 137, 115, -1, -1, -1, -1
442, 3, 1285, 123, 283, 164, -1, -1, -1, -1
442, 2, 683, 79, 138, 116, -1, -1, -1, -1
443, 3, 1282, 120, 285, 165, -1, -1, -1, -1
443, 2, 682, 79, 138, 116, -1, -1, -1, -1
444, 3, 1281, 120, 287, 165, -1, -1, -1, -1
444, 2, 681, 79, 138, 117, -1, -1, -1, -1
445, 3, 1280, 119, 288, 166, -1, -1, -1, -1
445, 2, 680, 80, 138, 117, -1, -1, -1, -1
446, 3, 1280, 119, 290, 166, -1, -1, -1, -1
446, 2, 679, 82, 138, 119, -1, -1, -1, -1
447, 3, 1279, 119, 290, 166, -1, -1, -1, -1
447, 2, 678, 84, 138, 120, -1, -1, -1, -1
448, 3, 1279, 119, 290, 166, -1, -1, -1, -1
448, 2, 677, 85, 139, 121, -1, -1, -1, -1
449, 3, 1278, 119, 291, 166, -1, -1, -1, -1
449, 2, 676, 86, 138, 121, -1, -1, -1, -1
450, 3, 1278, 119, 290, 166, -1, -1, -1, -1
450, 2, 674, 88, 138, 122, -1, -1, -1, -1
451, 3, 1277, 119, 291, 166, -1, -1, -1, -1
451, 2, 674, 92, 137, 120, -1, -1, -1, -1
452, 3, 1278, 119, 291, 165, -1, -1, -1, -1
452, 2, 672, 95, 137, 117, -1, -1, -1, -1
453, 3, 1278, 118, 291, 166, -1, -1, -1, -1
453, 2, 671, 96, 138, 118, -1, -1, -1, -1
454, 3, 1277, 118, 292, 166, -1, -1, -1, -1
454, 2, 671, 96, 138, 118, -1, -1, -1, -1
455, 3, 1277, 118, 292, 166, -1, -1, -1, -1
455, 2, 671, 97, 139, 119, -1, -1, -1, -1
456, 3, 1278, 118, 291, 166, -1, -1, -1, -1
456, 2, 670, 100, 139, 118, -1, -1, -1, -1
457, 3, 1278, 119, 292, 166, -1, -1, -1, -1
457, 2, 669, 102, 140, 119, -1, -1, -1, -1
458, 3, 1279, 120, 291, 166, -1, -1, -1, -1
458, 2, 669, 106, 139, 117, -1, -1, -1, -1
459, 3, 1279, 120, 292, 166, -1, -1, -1, -1
459, 2, 669, 110, 140, 116, -1, -1, -1, -1
460, 3, 1279, 120, 292, 166, -1, -1, -1, -1
460, 2, 669, 112, 140, 116, -1, -1, -1, -1
461, 3, 1279, 120, 292, 166, -1, -1, -1, -1
461, 2, 668, 113, 141, 117, -1, -1, -1, -1
462, 3, 1279, 120, 292, 166, -1, -1, -1, -1
462, 2, 668, 116, 140, 116, -1, -1, -1, -1
463, 3, 1279, 120, 292, 166, -1, -1, -1, -1
464, 3, 1279, 120, 292, 166, -1, -1, -1, -1
465, 3, 1279, 120, 292, 166, -1, -1, -1, -1
466, 3, 1280, 119, 291, 167, -1, -1, -1, -1
467, 3, 1279, 118, 292, 167, -1, -1, -1, -1
468, 3, 1279, 119, 291, 166, -1, -1, -1, -1
469, 3, 1279, 119, 291, 167, -1, -1, -1, -1
470, 3, 1278, 119, 291, 166, -1, -1, -1, -1
471, 3, 1278, 118, 291, 167, -1, -1, -1, -1
472, 3, 1278, 118, 291, 167, -1, -1, -1, -1
473, 3, 1278, 118, 291, 167, -1, -1, -1, -1
474, 3, 1278, 118, 292, 167, -1, -1, -1, -1
475, 3, 1277, 119, 292, 166, -1, -1, -1, -1
476, 4, 683, 65, 130, 107, -1, -1, -1, -1
476, 3, 1277, 119, 292, 166, -1, -1, -1, -1
477, 4, 682, 66, 129, 107, -1, -1, -1, -1
477, 3, 1277, 119, 292, 166, -1, -1, -1, -1
478, 4, 684, 68, 128, 106, -1, -1, -1, -1
478, 3, 1277, 118, 292, 167, -1, -1, -1, -1
479, 4, 685, 70, 127, 106, -1, -1, -1, -1
479, 3, 1278, 118, 292, 166, -1, -1, -1, -1
480, 4, 686, 72, 127, 105, -1, -1, -1, -1
480, 3, 1279, 118, 292, 166, -1, -1, -1, -1
481, 4, 685, 73, 129, 107, -1, -1, -1, -1
481, 3, 1282, 121, 290, 165, -1, -1, -1, -1
482, 4, 684, 74, 130, 109, -1, -1, -1, -1
482, 3, 1281, 120, 290, 166, -1, -1, -1, -1
483, 4, 685, 74, 131, 111, -1, -1, -1, -1
483, 3, 1283, 121, 289, 165, -1, -1, -1, -1
484, 4, 684, 74, 132, 111, -1, -1, -1, -1
484, 3, 1284, 122, 288, 165, -1, -1, -1, -1
485, 4, 684, 74, 133, 113, -1, -1, -1, -1
485, 3, 1285, 122, 287, 165, -1, -1, -1, -1
486, 4, 684, 76, 132, 113, -1, -1, -1, -1
486, 3, 1284, 123, 287, 164, -1, -1, -1, -1
487, 4, 684, 77, 133, 112, -1, -1, -1, -1
487, 3, 1282, 121, 288, 165, -1, -1, -1, -1
488, 4, 685, 77, 134, 113, -1, -1, -1, -1
488, 3, 1281, 120, 288, 166, -1, -1, -1, -1
489, 4, 684, 78, 135, 113, -1, -1, -1, -1
489, 3, 1280, 119, 289, 166, -1, -1, -1, -1
490, 4, 683, 78, 135, 114, -1, -1, -1, -1
490, 3, 1280, 119, 289, 165, -1, -1, -1, -1
491, 4, 682, 79, 136, 115, -1, -1, -1, -1
491, 3, 1280, 119, 290, 167, -1, -1, -1, -1
492, 4, 680, 79, 137, 117, -1, -1, -1, -1
492, 3, 1281, 121, 289, 166, -1, -1, -1, -1
493, 5, 637, 179, 183, 148, -1, -1, -1, -1
493, 4, 679, 79, 137, 118, -1, -1, -1, -1
493, 3, 1280, 120, 289, 166, -1, -1, -1, -1
494, 5, 635, 178, 185, 152, -1, -1, -1, -1
494, 4, 679, 82, 137, 119, -1, -1, -1, -1
494, 3, 1279, 119, 289, 166, -1, -1, -1, -1
495, 5, 634, 180, 186, 155, -1, -1, -1, -1
495, 4, 677, 82, 139, 121, -1, -1, -1, -1
495, 3, 1278, 119, 290, 166, -1, -1, -1, -1
496, 5, 634, 186, 187, 154, -1, -1, -1, -1
496, 4, 677, 84, 139, 122, -1, -1, -1, -1
496, 3, 1278, 119, 290, 166, -1, -1, -1, -1
497, 5, 633, 188, 188, 155, -1, -1, -1, -1
497, 4, 676, 87, 139, 123, -1, -1, -1, -1
497, 3, 1278, 119, 291, 166, -1, -1, -1, -1
498, 5, 631, 190, 190, 157, -1, -1, -1, -1
498, 4, 674, 88, 140, 124, -1, -1, -1, -1
498, 3, 1277, 119, 291, 166, -1, -1, -1, -1
499, 5, 629, 192, 192, 159, -1, -1, -1, -1
499, 4, 673, 88, 140, 124, -1, -1, -1, -1
499, 3, 1278, 119, 291, 166, -1, -1, -1, -1
500, 5, 629, 198, 193, 159, -1, -1, -1, -1
500, 4, 672, 90, 140, 124, -1, -1, -1, -1
500, 3, 1277, 119, 292, 166, -1, -1, -1, -1
501, 5, 628, 202, 194, 159, -1, -1, -1, -1
501, 4, 670, 92, 141, 123, -1, -1, -1, -1
501, 3, 1278, 119, 291, 165, -1, -1, -1, -1
502, 5, 628, 205, 195, 161, -1, -1, -1, -1
502, 4, 670, 95, 141, 122, -1, -1, -1, -1
502, 3, 1278, 119, 291, 166, -1, -1, -1, -1
503, 5, 628, 210, 195, 162, -1, -1, -1, -1
503, 4, 670, 96, 141, 123, -1, -1, -1, -1
503, 3, 1281, 121, 289, 166, -1, -1, -1, -1
504, 5, 627, 213, 198, 164, -1, -1, -1, -1
504, 4, 669, 100, 140, 122, -1, -1, -1, -1
504, 3, 1281, 120, 289, 166, -1, -1, -1, -1
505, 5, 625, 214, 201, 166, -1, -1, -1, -1
505, 4, 668, 102, 141, 122, -1, -1, -1, -1
505, 3, 1282, 121, 289, 165, -1, -1, -1, -1
506, 5, 622, 220, 203, 167, -1, -1, -1, -1
506, 4, 668, 103, 141, 124, -1, -1, -1, -1
506, 3, 1284, 122, 288, 165, -1, -1, -1, -1
507, 5, 621, 223, 204, 169, -1, -1, -1, -1
507, 4, 667, 104, 141, 125, -1, -1, -1, -1
507, 3, 1284, 122, 289, 165, -1, -1, -1, -1
508, 5, 620, 225, 206, 169, -1, -1, -1, -1
508, 4, 667, 107, 142, 125, -1, -1, -1, -1
508, 3, 1284, 122, 289, 165, -1, -1, -1, -1
509, 5, 619, 226, 210, 171, -1, -1, -1, -1
509, 3, 1285, 122, 288, 165, -1, -1, -1, -1
510, 5, 618, 227, 213, 174, -1, -1, -1, -1
510, 3, 1284, 122, 288, 165, -1, -1, -1, -1
511, 5, 616, 230, 215, 175, -1, -1, -1, -1
511, 3, 1281, 121, 289, 165, -1, -1, -1, -1
512, 5, 615, 234, 218, 177, -1, -1, -1, -1
512, 3, 1280, 120, 290, 165, -1, -1, -1, -1
513, 5, 614, 238, 219, 178, -1, -1, -1, -1
513, 3, 1279, 120, 290, 165, -1, -1, -1, -1
514, 5, 612, 242, 222, 180, -1, -1, -1, -1
514, 3, 1278, 119, 291, 166, -1, -1, -1, -1
515, 5, 612, 246, 223, 181, -1, -1, -1, -1
515, 3, 1278, 119, 291, 165, -1, -1, -1, -1
516, 5, 610, 248, 225, 183, -1, -1, -1, -1
516, 3, 1278, 118, 291, 165, -1, -1, -1, -1
517, 5, 609, 251, 227, 186, -1, -1, -1, -1
517, 3, 1278, 118, 291, 165, -1, -1, -1, -1
518, 5, 608, 256, 229, 188, -1, -1, -1, -1
518, 3, 1278, 118, 291, 165, -1, -1, -1, -1
519, 5, 609, 261, 231, 189, -1, -1, -1, -1
519, 3, 1278, 119, 291, 165, -1, -1, -1, -1
520, 5, 608, 268, 235, 189, -1, -1, -1, -1
520, 3, 1278, 119, 291, 165, -1, -1, -1, -1
521, 5, 605, 273, 236, 190, -1, -1, -1, -1
521, 3, 1278, 118, 291, 166, -1, -1, -1, -1
522, 5, 604, 278, 239, 194, -1, -1, -1, -1
522, 3, 1278, 118, 291, 165, -1, -1, -1, -1
523, 5, 602, 285, 241, 195, -1, -1, -1, -1
523, 3, 1277, 118, 292, 165, -1, -1, -1, -1
524, 5, 594, 293, 246, 198, -1, -1, -1, -1
524, 3, 1277, 118, 293, 165, -1, -1, -1, -1
525, 5, 594, 300, 248, 201, -1, -1, -1, -1
525, 3, 1276, 119, 293, 165, -1, -1, -1, -1
526, 5, 588, 311, 254, 208, -1, -1, -1, -1
526, 3, 1277, 120, 290, 165, -1, -1, -1, -1
527, 5, 583, 319, 258, 210, -1, -1, -1, -1
527, 3, 1277, 121, 289, 165, -1, -1, -1, -1
528, 5, 583, 325, 259, 210, -1, -1, -1, -1
528, 3, 1278, 121, 288, 165, -1, -1, -1, -1
529, 5, 579, 338, 263, 214, -1, -1, -1, -1
529, 3, 1277, 120, 289, 165, -1, -1, -1, -1
530, 5, 577, 350, 267, 216, -1, -1, -1, -1
530, 3, 1276, 121, 289, 166, -1, -1, -1, -1
531, 5, 574, 359, 270, 221, -1, -1, -1, -1
531, 3, 1275, 120, 289, 167, -1, -1, -1, -1
532, 5, 572, 366, 272, 224, -1, -1, -1, -1
532, 3, 1275, 119, 288, 168, -1, -1, -1, -1
533, 5, 568, 375, 276, 226, -1, -1, -1, -1
533, 3, 1273, 119, 288, 168, -1, -1, -1, -1
534, 5, 567, 387, 278, 228, -1, -1, -1, -1
534, 3, 1270, 120, 289, 168, -1, -1, -1, -1
535, 5, 562, 401, 282, 230, -1, -1, -1, -1
535, 3, 1265, 120, 290, 169, -1, -1, -1, -1
536, 5, 554, 408, 288, 234, -1, -1, -1, -1
536, 3, 1265, 120, 288, 168, -1, -1, -1, -1
537, 5, 547, 418, 294, 238, -1, -1, -1, -1
537, 3, 1259, 120, 289, 168, -1, -1, -1, -1
538, 5, 542, 427, 298, 240, -1, -1, -1, -1
538, 3, 1253, 120, 290, 167, -1, -1, -1, -1
539, 6, 639, 179, 188, 155, -1, -1, -1, -1
539, 5, 539, 440, 301, 245, -1, -1, -1, -1
539, 3, 1245, 120, 291, 167, -1, -1, -1, -1
540, 6, 639, 185, 189, 157, -1, -1, -1, -1
540, 5, 533, 455, 307, 248, -1, -1, -1, -1
541, 6, 639, 186, 192, 157, -1, -1, -1, -1
541, 5, 528, 465, 311, 251, -1, -1, -1, -1
542, 6, 640, 190, 193, 158, -1, -1, -1, -1
542, 5, 524, 476, 315, 254, -1, -1, -1, -1
543, 6, 640, 196, 194, 158, -1, -1, -1, -1
543, 5, 522, 489, 320, 261, -1, -1, -1, -1
544, 6, 639, 198, 196, 160, -1, -1, -1, -1
544, 5, 517, 506, 324, 265, -1, -1, -1, -1
545, 6, 638, 204, 198, 160, -1, -1, -1, -1
545, 5, 508, 519, 330, 272, -1, -1, -1, -1
546, 6, 638, 208, 200, 162, -1, -1, -1, -1
546, 5, 497, 534, 339, 279, -1, -1, -1, -1
547, 6, 638, 209, 201, 164, -1, -1, -1, -1
547, 5, 482, 552, 345, 282, -1, -1, -1, -1
548, 6, 637, 212, 203, 166, -1, -1, -1, -1
548, 5, 473, 568, 351, 292, -1, -1, -1, -1
549, 6, 636, 214, 205, 168, -1, -1, -1, -1
549, 5, 460, 590, 358, 293, -1, -1, -1, -1
550, 6, 635, 218, 207, 169, -1, -1, -1, -1
550, 5, 448, 610, 366, 304, -1, -1, -1, -1
551, 6, 634, 223, 210, 170, -1, -1, -1, -1
551, 5, 431, 623, 374, 312, -1, -1, -1, -1
552, 6, 633, 227, 212, 169, -1, -1, -1, -1
552, 5, 417, 652, 381, 318, -1, -1, -1, -1
553, 6, 633, 228, 214, 173, -1, -1, -1, -1
553, 5, 396, 672, 392, 328, -1, -1, -1, -1
554, 6, 632, 230, 217, 176, -1, -1, -1, -1
554, 5, 379, 700, 399, 335, -1, -1, -1, -1
555, 6, 631, 235, 218, 175, -1, -1, -1, -1
555, 5, 361, 718, 407, 346, -1, -1, -1, -1
556, 6, 631, 239, 220, 177, -1, -1, -1, -1
556, 5, 341, 742, 416, 342, -1, -1, -1, -1
557, 6, 631, 244, 220, 174, -1, -1, -1, -1
557, 5, 323, 755, 422, 337, -1, -1, -1, -1
558, 6, 631, 251, 223, 177, -1, -1, -1, -1
559, 6, 629, 256, 226, 180, -1, -1, -1, -1
560, 6, 628, 259, 229, 180, -1, -1, -1, -1
561, 6, 628, 266, 232, 183, -1, -1, -1, -1
562, 7, 915, 158, 277, 166, -1, -1, -1, -1
562, 6, 626, 273, 237, 185, -1, -1, -1, -1
563, 7, 898, 157, 275, 167, -1, -1, -1, -1
563, 6, 624, 279, 240, 186, -1, -1, -1, -1
564, 7, 882, 159, 270, 165, -1, -1, -1, -1
564, 6, 620, 287, 246, 191, -1, -1, -1, -1
565, 7, 867, 162, 270, 165, -1, -1, -1, -1
565, 6, 615, 297, 251, 194, -1, -1, -1, -1
566, 7, 854, 164, 266, 165, -1, -1, -1, -1
566, 6, 613, 304, 254, 197, -1, -1, -1, -1
567, 7, 837, 166, 261, 164, -1, -1, -1, -1
567, 6, 612, 313, 256, 196, -1, -1, -1, -1
568, 7, 821, 168, 262, 163, -1, -1, -1, -1
568, 6, 610, 323, 259, 200, -1, -1, -1, -1
569, 7, 805, 168, 261, 164, -1, -1, -1, -1
569, 6, 609, 331, 263, 202, -1, -1, -1, -1
570, 7, 789, 170, 259, 165, -1, -1, -1, -1
570, 6, 601, 343, 271, 210, -1, -1, -1, -1
571, 7, 775, 173, 259, 166, -1, -1, -1, -1
571, 6, 599, 354, 273, 216, -1, -1, -1, -1
572, 7, 761, 175, 257, 166, -1, -1, -1, -1
572, 6, 597, 367, 276, 221, -1, -1, -1, -1
573, 7, 748, 177, 254, 167, -1, -1, -1, -1
573, 6, 592, 374, 281, 224, -1, -1, -1, -1
574, 7, 735, 178, 250, 167, -1, -1, -1, -1
574, 6, 585, 383, 286, 229, -1, -1, -1, -1
575, 7, 721, 180, 247, 168, -1, -1, -1, -1
575, 6, 579, 398, 292, 233, -1, -1, -1, -1
576, 7, 709, 183, 245, 169, -1, -1, -1, -1
576, 6, 575, 412, 295, 236, -1, -1, -1, -1
577, 7, 699, 186, 242, 169, -1, -1, -1, -1
577, 6, 571, 423, 299, 239, -1, -1, -1, -1
578, 7, 688, 189, 239, 169, -1, -1, -1, -1
578, 6, 568, 438, 301, 242, -1, -1, -1, -1
579, 7, 678, 192, 236, 169, -1, -1, -1, -1
579, 6, 559, 451, 308, 247, -1, -1, -1, -1
580, 7, 668, 197, 235, 170, -1, -1, -1, -1
580, 6, 553, 465, 312, 251, -1, -1, -1, -1
581, 7, 660, 201, 232, 171, -1, -1, -1, -1
581, 6, 543, 478, 318, 254, -1, -1, -1, -1
582, 7, 652, 203, 231, 173, -1, -1, -1, -1
582, 6, 532, 496, 325, 256, -1, -1, -1, -1
583, 7, 644, 206, 230, 172, -1, -1, -1, -1
583, 6, 525, 508, 330, 263, -1, -1, -1, -1
584, 7, 638, 209, 229, 172, -1, -1, -1, -1
584, 6, 518, 525, 334, 271, -1, -1, -1, -1
585, 7, 631, 213, 228, 173, -1, -1, -1, -1
585, 6, 505, 542, 342, 276, -1, -1, -1, -1
586, 7, 626, 216, 226, 173, -1, -1, -1, -1
586, 6, 491, 564, 350, 281, -1, -1, -1, -1
587, 7, 620, 220, 226, 172, -1, -1, -1, -1
587, 6, 477, 584, 358, 285, -1, -1, -1, -1
588, 7, 615, 223, 226, 174, -1, -1, -1, -1
588, 6, 462, 606, 366, 294, -1, -1, -1, -1
589, 7, 610, 225, 226, 175, -1, -1, -1, -1
589, 6, 447, 624, 375, 303, -1, -1, -1, -1
590, 7, 607, 230, 226, 176, -1, -1, -1, -1
590, 6, 429, 648, 384, 311, -1, -1, -1, -1
591, 7, 604, 233, 227, 177, -1, -1, -1, -1
591, 6, 412, 668, 393, 320, -1, -1, -1, -1
592, 7, 600, 235, 229, 179, -1, -1, -1, -1
592, 6, 388, 697, 404, 325, -1, -1, -1, -1
593, 7, 597, 241, 230, 179, -1, -1, -1, -1
593, 6, 372, 715, 410, 334, -1, -1, -1, -1
594, 7, 593, 246, 231, 179, -1, -1, -1, -1
594, 6, 346, 739, 419, 336, -1, -1, -1, -1
595, 7, 591, 250, 232, 179, -1, -1, -1, -1
595, 6, 327, 757, 428, 332, -1, -1, -1, -1
596, 7, 589, 254, 234, 181, -1, -1, -1, -1
597, 7, 586, 257, 235, 184, -1, -1, -1, -1
598, 7, 584, 263, 238, 186, -1, -1, -1, -1
599, 7, 583, 269, 240, 186, -1, -1, -1, -1
600, 7, 578, 276, 245, 191, -1, -1, -1, -1
601, 7, 575, 281, 249, 196, -1, -1, -1, -1
602, 7, 572, 292, 252, 195, -1, -1, -1, -1
603, 7, 565, 301, 258, 201, -1, -1, -1, -1
604, 7, 564, 312, 260, 205, -1, -1, -1, -1
605, 7, 560, 323, 263, 207, -1, -1, -1, -1
606, 7, 556, 328, 265, 212, -1, -1, -1, -1
607, 7, 548, 338, 271, 214, -1, -1, -1, -1
608, 7, 541, 350, 276, 216, -1, -1, -1, -1
609, 7, 534, 361, 281, 220, -1, -1, -1, -1
610, 7, 529, 369, 285, 223, -1, -1, -1, -1
611, 7, 526, 375, 289, 226, -1, -1, -1, -1
612, 7, 523, 387, 293, 228, -1, -1, -1, -1
613, 7, 520, 399, 295, 230, -1, -1, -1, -1
614, 7, 515, 408, 300, 236, -1, -1, -1, -1
615, 7, 508, 420, 305, 239, -1, -1, -1, -1
616, 7, 502, 434, 309, 239, -1, -1, -1, -1
617, 7, 494, 450, 315, 240, -1, -1, -1, -1
618, 7, 484, 462, 323, 246, -1, -1, -1, -1
619, 7, 477, 470, 327, 249, -1, -1, -1, -1
620, 7, 472, 487, 332, 251, -1, -1, -1, -1
621, 7, 465, 498, 337, 260, -1, -1, -1, -1
622, 7, 454, 511, 343, 266, -1, -1, -1, -1
623, 7, 442, 526, 351, 276, -1, -1, -1, -1
624, 7, 429, 544, 360, 281, -1, -1, -1, -1
625, 7, 421, 564, 366, 289, -1, -1, -1, -1
626, 7, 407, 588, 374, 290, -1, -1, -1, -1
627, 7, 393, 606, 382, 301, -1, -1, -1, -1
628, 7, 380, 622, 388, 309, -1, -1, -1, -1
629, 7, 369, 641, 395, 318, -1, -1, -1, -1
630, 7, 349, 663, 405, 326, -1, -1, -1, -1
631, 7, 330, 694, 415, 332, -1, -1, -1, -1
632, 7, 315, 713, 421, 339, -1, -1, -1, -1
633, 7, 289, 739, 432, 339, -1, -1, -1, -1
634, 7, 273, 754, 441, 335, -1, -1, -1, -1
713, 8, 980, 572, 453, 435, -1, -1, -1, -1
714, 8, 982, 560, 444, 427, -1, -1, -1, -1
715, 8, 980, 539, 441, 425, -1, -1, -1, -1
716, 8, 974, 527, 441, 418, -1, -1, -1, -1
717, 8, 973, 511, 435, 410, -1, -1, -1, -1
718, 8, 969, 500, 427, 404, -1, -1, -1, -1
719, 8, 970, 492, 419, 393, -1, -1, -1, -1
720, 8, 971, 475, 414, 386, -1, -1, -1, -1
721, 8, 968, 469, 407, 377, -1, -1, -1, -1
722, 8, 966, 451, 402, 375, -1, -1, -1, -1
723, 8, 959, 439, 400, 371, -1, -1, -1, -1
724, 8, 958, 430, 397, 363, -1, -1, -1, -1
725, 8, 949, 417, 392, 362, -1, -1, -1, -1
726, 8, 945, 403, 390, 361, -1, -1, -1, -1
727, 8, 938, 395, 389, 356, -1, -1, -1, -1
728, 8, 929, 388, 384, 349, -1, -1, -1, -1
729, 8, 927, 379, 380, 343, -1, -1, -1, -1
730, 8, 923, 366, 376, 342, -1, -1, -1, -1
731, 8, 920, 357, 370, 336, -1, -1, -1, -1
732, 8, 914, 350, 368, 333, -1, -1, -1, -1
733, 8, 910, 341, 363, 330, -1, -1, -1, -1
734, 8, 907, 340, 357, 325, -1, -1, -1, -1
735, 8, 904, 326, 352, 321, -1, -1, -1, -1
736, 8, 900, 318, 350, 318, -1, -1, -1, -1
737, 8, 896, 315, 344, 311, -1, -1, -1, -1
738, 8, 891, 308, 338, 306, -1, -1, -1, -1
739, 8, 886, 303, 335, 300, -1, -1, -1, -1
740, 8, 882, 298, 330, 294, -1, -1, -1, -1
741, 8, 879, 294, 324, 287, -1, -1, -1, -1
742, 8, 877, 288, 320, 283, -1, -1, -1, -1
743, 8, 877, 284, 316, 277, -1, -1, -1, -1
744, 8, 876, 280, 312, 274, -1, -1, -1, -1
745, 8, 874, 274, 306, 274, -1, -1, -1, -1
746, 8, 873, 266, 301, 268, -1, -1, -1, -1
747, 8, 874, 263, 296, 263, -1, -1, -1, -1
748, 8, 874, 257, 294, 259, -1, -1, -1, -1
749, 8, 873, 252, 290, 256, -1, -1, -1, -1
750, 8, 873, 251, 287, 250, -1, -1, -1, -1
751, 8, 871, 246, 285, 249, -1, -1, -1, -1
752, 8, 870, 241, 280, 247, -1, -1, -1, -1
753, 8, 870, 233, 276, 247, -1, -1, -1, -1
754, 8, 869, 229, 273, 245, -1, -1, -1, -1
755, 8, 869, 226, 270, 243, -1, -1, -1, -1
756, 8, 866, 224, 268, 240, -1, -1, -1, -1
757, 8, 859, 220, 268, 236, -1, -1, -1, -1
758, 8, 856, 218, 265, 233, -1, -1, -1, -1
759, 8, 853, 215, 263, 231, -1, -1, -1, -1
760, 8, 851, 215, 263, 226, -1, -1, -1, -1
761, 8, 849, 212, 261, 224, -1, -1, -1, -1
762, 8, 843, 209, 260, 222, -1, -1, -1, -1
763, 8, 839, 205, 259, 219, -1, -1, -1, -1
764, 8, 838, 200, 257, 215, -1, -1, -1, -1
765, 8, 836, 196, 255, 212, -1, -1, -1, -1
766, 8, 834, 190, 254, 211, -1, -1, -1, -1
767, 8, 833, 188, 251, 208, -1, -1, -1, -1
768, 8, 832, 186, 248, 207, -1, -1, -1, -1
769, 8, 831, 180, 244, 204, -1, -1, -1, -1
770, 8, 831, 183, 241, 202, -1, -1, -1, -1
771, 8, 831, 179, 237, 201, -1, -1, -1, -1
772, 8, 831, 178, 235, 200, -1, -1, -1, -1
773, 8, 830, 176, 232, 198, -1, -1, -1, -1
774, 8, 831, 172, 229, 197, -1, -1, -1, -1
775, 8, 831, 171, 226, 193, -1, -1, -1, -1
776, 8, 831, 169, 225, 191, -1, -1, -1, -1
777, 8, 831, 162, 223, 190, -1, -1, -1, -1
778, 8, 831, 158, 222, 188, -1, -1, -1, -1
779, 8, 831, 156, 221, 187, -1, -1, -1, -1
780, 8, 832, 154, 218, 186, -1, -1, -1, -1
781, 8, 833, 153, 216, 186, -1, -1, -1, -1
782, 8, 833, 151, 214, 184, -1, -1, -1, -1
783, 8, 833, 146, 212, 183, -1, -1, -1, -1
784, 8, 833, 141, 212, 184, -1, -1, -1, -1
785, 8, 833, 138, 210, 183, -1, -1, -1, -1
786, 8, 833, 138, 209, 181, -1, -1, -1, -1
787, 8, 833, 136, 209, 180, -1, -1, -1, -1
788, 8, 833, 137, 207, 179, -1, -1, -1, -1
789, 8, 835, 138, 205, 176, -1, -1, -1, -1
790, 8, 835, 134, 204, 174, -1, -1, -1, -1
791, 8, 836, 131, 203, 172, -1, -1, -1, -1
792, 8, 836, 130, 202, 171, -1, -1, -1, -1
793, 8, 838, 131, 199, 168, -1, -1, -1, -1
794, 8, 838, 130, 197, 166, -1, -1, -1, -1
795, 8, 838, 129, 194, 164, -1, -1, -1, -1
796, 8, 837, 129, 193, 162, -1, -1, -1, -1
797, 8, 837, 128, 191, 160, -1, -1, -1, -1
798, 8, 838, 129, 188, 158, -1, -1, -1, -1
799, 8, 840, 126, 185, 158, -1, -1, -1, -1
800, 8, 840, 128, 184, 156, -1, -1, -1, -1
801, 8, 840, 126, 182, 154, -1, -1, -1, -1
802, 8, 842, 125, 180, 152, -1, -1, -1, -1
803, 8, 843, 122, 178, 151, -1, -1, -1, -1
804, 8, 842, 121, 176, 149, -1, -1, -1, -1
805, 8, 843, 116, 176, 150, -1, -1, -1, -1
806, 8, 843, 114, 175, 150, -1, -1, -1, -1
807, 8, 844, 115, 174, 148, -1, -1, -1, -1
808, 8, 845, 114, 173, 147, -1, -1, -1, -1
809, 8, 845, 109, 172, 148, -1, -1, -1, -1
810, 8, 844, 108, 171, 147, -1, -1, -1, -1
811, 8, 844, 106, 170, 148, -1, -1, -1, -1
812, 8, 844, 105, 170, 147, -1, -1, -1, -1
813, 8, 845, 100, 169, 148, -1, -1, -1, -1
814, 8, 844, 99, 169, 148, -1, -1, -1, -1
815, 8, 844, 98, 169, 148, -1, -1, -1, -1
816, 8, 844, 97, 168, 147, -1, -1, -1, -1
817, 8, 843, 94, 168, 147, -1, -1, -1, -1
818, 8, 842, 93, 168, 147, -1, -1, -1, -1
819, 8, 842, 91, 167, 147, -1, -1, -1, -1
820, 8, 842, 89, 167, 146, -1, -1, -1, -1
821, 8, 841, 86, 166, 147, -1, -1, -1, -1
822, 8, 841, 83, 164, 148, -1, -1, -1, -1
823, 8, 840, 79, 165, 148, -1, -1, -1, -1
824, 8, 839, 84, 162, 145, -1, -1, -1, -1
825, 8, 838, 81, 161, 143, -1, -1, -1, -1
826, 8, 836, 86, 159, 139, -1, -1, -1, -1
827, 8, 835, 82, 157, 138, -1, -1, -1, -1
828, 8, 834, 80, 157, 138, -1, -1, -1, -1
829, 8, 834, 76, 156, 139, -1, -1, -1, -1
830, 8, 832, 74, 156, 139, -1, -1, -1, -1
831, 8, 829, 72, 156, 140, -1, -1, -1, -1
832, 8, 829, 70, 156, 140, -1, -1, -1, -1
833, 8, 827, 72, 157, 139, -1, -1, -1, -1
834, 8, 826, 70, 156, 138, -1, -1, -1, -1
835, 8, 825, 69, 156, 138, -1, -1, -1, -1
836, 8, 823, 68, 156, 138, -1, -1, -1, -1
837, 8, 822, 67, 154, 137, -1, -1, -1, -1
838, 8, 822, 64, 153, 137, -1, -1, -1, -1
839, 8, 822, 63, 150, 136, -1, -1, -1, -1
840, 8, 820, 59, 150, 137, -1, -1, -1, -1
841, 8, 821, 57, 149, 137, -1, -1, -1, -1
842, 8, 821, 58, 148, 136, -1, -1, -1, -1
843, 8, 819, 57, 147, 135, -1, -1, -1, -1
844, 8, 817, 56, 148, 135, -1, -1, -1, -1
845, 8, 817, 57, 148, 133, -1, -1, -1, -1
846, 8, 817, 56, 146, 132, -1, -1, -1, -1
847, 8, 818, 56, 145, 131, -1, -1, -1, -1
848, 8, 817, 56, 144, 129, -1, -1, -1, -1
849, 8, 816, 55, 144, 129, -1, -1, -1, -1
850, 8, 817, 54, 142, 128, -1, -1, -1, -1
851, 8, 816, 53, 142, 128, -1, -1, -1, -1
852, 8, 815, 53, 141, 127, -1, -1, -1, -1
853, 8, 814, 51, 140, 127, -1, -1, -1, -1
854, 8, 813, 49, 139, 126, -1, -1, -1, -1
855, 8, 814, 47, 138, 126, -1, -1, -1, -1
856, 8, 813, 44, 137, 126, -1, -1, -1, -1
874, 9, 527, 293, 401, 308, -1, -1, -1, -1
875, 9, 541, 299, 390, 307, -1, -1, -1, -1
876, 9, 548, 302, 386, 308, -1, -1, -1, -1
877, 9, 555, 306, 381, 310, -1, -1, -1, -1
878, 9, 562, 312, 378, 310, -1, -1, -1, -1
879, 9, 571, 314, 378, 309, -1, -1, -1, -1
880, 9, 576, 314, 380, 314, -1, -1, -1, -1
881, 9, 581, 315, 380, 316, -1, -1, -1, -1
882, 9, 588, 320, 376, 315, -1, -1, -1, -1
883, 9, 595, 329, 370, 313, -1, -1, -1, -1
884, 9, 600, 340, 366, 314, -1, -1, -1, -1
885, 9, 604, 347, 364, 315, -1, -1, -1, -1
886, 9, 607, 349, 365, 319, -1, -1, -1, -1
887, 9, 608, 352, 365, 322, -1, -1, -1, -1
888, 9, 611, 359, 366, 322, -1, -1, -1, -1
889, 9, 614, 362, 366, 324, -1, -1, -1, -1
890, 9, 616, 364, 365, 324, -1, -1, -1, -1
891, 9, 617, 363, 366, 330, -1, -1, -1, -1
892, 9, 617, 365, 368, 337, -1, -1, -1, -1
893, 9, 612, 367, 372, 342, -1, -1, -1, -1
894, 9, 614, 378, 374, 344, -1, -1, -1, -1
895, 9, 616, 388, 374, 343, -1, -1, -1, -1
896, 9, 618, 397, 375, 345, -1, -1, -1, -1
897, 9, 617, 403, 378, 347, -1, -1, -1, -1
898, 9, 615, 407, 378, 352, -1, -1, -1, -1
899, 9, 612, 412, 379, 354, -1, -1, -1, -1
900, 9, 605, 414, 385, 361, -1, -1, -1, -1
901, 9, 596, 417, 391, 368, -1, -1, -1, -1
902, 9, 594, 427, 396, 372, -1, -1, -1, -1
903, 9, 587, 440, 401, 372, -1, -1, -1, -1
904, 9, 582, 445, 403, 375, -1, -1, -1, -1
905, 9, 572, 454, 410, 379, -1, -1, -1, -1
906, 9, 570, 461, 412, 381, -1, -1, -1, -1
907, 9, 566, 469, 414, 385, -1, -1, -1, -1
908, 9, 557, 482, 418, 388, -1, -1, -1, -1
909, 9, 546, 487, 422, 393, -1, -1, -1, -1
910, 9, 536, 500, 428, 396, -1, -1, -1, -1
911, 9, 525, 517, 433, 398, -1, -1, -1, -1
912, 9, 519, 526, 436, 398, -1, -1, -1, -1
913, 9, 511, 537, 438, 405, -1, -1, -1, -1
914, 9, 496, 551, 441, 409, -1, -1, -1, -1
915, 9, 485, 561, 446, 413, -1, -1, -1, -1
916, 9, 471, 565, 454, 419, -1, -1, -1, -1
917, 9, 464, 582, 458, 424, -1, -1, -1, -1
918, 9, 452, 594, 465, 431, -1, -1, -1, -1
919, 9, 437, 607, 474, 435, -1, -1, -1, -1
920, 9, 416, 621, 482, 440, -1, -1, -1, -1
921, 9, 401, 628, 486, 446, -1, -1, -1, -1
1113, 10, 706, 67, 124, 108, -1, -1, -1, -1
1114, 10, 703, 68, 126, 109, -1, -1, -1, -1
1115, 10, 701, 69, 128, 109, -1, -1, -1, -1
1116, 10, 700, 71, 130, 109, -1, -1, -1, -1
1117, 10, 699, 74, 131, 109, -1, -1, -1, -1
1118, 10, 698, 74, 132, 109, -1, -1, -1, -1
1119, 10, 698, 75, 133, 110, -1, -1, -1, -1
1120, 10, 698, 75, 133, 112, -1, -1, -1, -1
1121, 10, 697, 76, 135, 112, -1, -1, -1, -1
1122, 10, 698, 77, 135, 113, -1, -1, -1, -1
1123, 10, 699, 78, 135, 114, -1, -1, -1, -1
1124, 10, 699, 79, 136, 115, -1, -1, -1, -1
1125, 10, 699, 80, 137, 114, -1, -1, -1, -1
1126, 10, 699, 82, 138, 116, -1, -1, -1, -1
1127, 10, 698, 83, 139, 117, -1, -1, -1, -1
1128, 10, 697, 83, 140, 120, -1, -1, -1, -1
1129, 10, 698, 85, 142, 122, -1, -1, -1, -1
1130, 10, 698, 92, 143, 121, -1, -1, -1, -1
1131, 10, 699, 93, 144, 122, -1, -1, -1, -1
1132, 10, 699, 95, 145, 122, -1, -1, -1, -1
1133, 10, 698, 98, 145, 124, -1, -1, -1, -1
1134, 10, 696, 101, 146, 126, -1, -1, -1, -1
1135, 10, 696, 103, 146, 128, -1, -1, -1, -1
1136, 10, 696, 102, 148, 129, -1, -1, -1, -1
1137, 10, 695, 102, 149, 130, -1, -1, -1, -1
1138, 10, 694, 103, 150, 131, -1, -1, -1, -1
1139, 10, 693, 104, 152, 133, -1, -1, -1, -1
1140, 10, 691, 108, 154, 133, -1, -1, -1, -1
1141, 10, 689, 112, 155, 133, -1, -1, -1, -1
1142, 10, 687, 116, 157, 132, -1, -1, -1, -1
1143, 10, 686, 121, 158, 132, -1, -1, -1, -1
1144, 10, 685, 122, 159, 134, -1, -1, -1, -1
1145, 10, 683, 123, 161, 136, -1, -1, -1, -1
1146, 10, 681, 125, 163, 137, -1, -1, -1, -1
1147, 10, 679, 130, 164, 136, -1, -1, -1, -1
1148, 10, 677, 132, 165, 138, -1, -1, -1, -1
1149, 10, 675, 135, 167, 138, -1, -1, -1, -1
1150, 10, 673, 140, 169, 139, -1, -1, -1, -1
1151, 10, 671, 142, 170, 141, -1, -1, -1, -1
1152, 12, 921, 641, 435, 378, -1, -1, -1, -1
1152, 10, 669, 145, 171, 142, -1, -1, -1, -1
1153, 12, 916, 611, 429, 381, -1, -1, -1, -1
1154, 12, 917, 592, 422, 376, -1, -1, -1, -1
1155, 12, 918, 561, 420, 380, -1, -1, -1, -1
1156, 12, 921, 550, 411, 371, -1, -1, -1, -1
1157, 12, 923, 536, 403, 366, -1, -1, -1, -1
1158, 12, 921, 511, 398, 363, -1, -1, -1, -1
1159, 12, 923, 500, 390, 351, -1, -1, -1, -1
1160, 12, 924, 487, 383, 345, -1, -1, -1, -1
1161, 12, 925, 480, 376, 337, -1, -1, -1, -1
1162, 12, 922, 462, 369, 330, -1, -1, -1, -1
1163, 13, 636, 186, 194, 160, -1, -1, -1, -1
1163, 12, 922, 453, 363, 324, -1, -1, -1, -1
1164, 13, 634, 193, 196, 160, -1, -1, -1, -1
1164, 12, 922, 436, 358, 322, -1, -1, -1, -1
1165, 13, 631, 196, 199, 163, -1, -1, -1, -1
1165, 12, 921, 416, 352, 319, -1, -1, -1, -1
1166, 13, 628, 203, 201, 163, -1, -1, -1, -1
1166, 12, 919, 410, 347, 312, -1, -1, -1, -1
1167, 13, 626, 209, 202, 163, -1, -1, -1, -1
1167, 12, 918, 401, 339, 309, -1, -1, -1, -1
1168, 13, 624, 213, 204, 166, -1, -1, -1, -1
1168, 12, 919, 393, 334, 301, -1, -1, -1, -1
1169, 13, 622, 219, 207, 166, -1, -1, -1, -1
1169, 12, 918, 387, 328, 292, -1, -1, -1, -1
1170, 13, 619, 222, 210, 169, -1, -1, -1, -1
1170, 12, 918, 374, 323, 289, -1, -1, -1, -1
1171, 13, 616, 227, 214, 170, -1, -1, -1, -1
1171, 12, 915, 366, 317, 282, -1, -1, -1, -1
1172, 13, 614, 231, 216, 172, -1, -1, -1, -1
1172, 12, 915, 355, 310, 277, -1, -1, -1, -1
1173, 13, 611, 236, 220, 174, -1, -1, -1, -1
1173, 12, 916, 350, 305, 269, -1, -1, -1, -1
1174, 13, 606, 239, 224, 176, -1, -1, -1, -1
1174, 12, 917, 347, 299, 263, -1, -1, -1, -1
1175, 13, 605, 244, 228, 177, -1, -1, -1, -1
1175, 12, 913, 338, 295, 259, -1, -1, -1, -1
1176, 13, 604, 251, 231, 178, -1, -1, -1, -1
1176, 12, 918, 335, 288, 254, -1, -1, -1, -1
1177, 13, 602, 256, 234, 179, -1, -1, -1, -1
1177, 12, 918, 326, 282, 248, -1, -1, -1, -1
1178, 13, 599, 260, 238, 182, -1, -1, -1, -1
1178, 12, 919, 316, 279, 248, -1, -1, -1, -1
1179, 13, 590, 271, 243, 184, -1, -1, -1, -1
1179, 12, 920, 311, 275, 244, -1, -1, -1, -1
1180, 13, 584, 282, 249, 187, -1, -1, -1, -1
1180, 12, 923, 308, 270, 240, -1, -1, -1, -1
1181, 13, 579, 291, 254, 194, -1, -1, -1, -1
1181, 12, 926, 303, 267, 236, -1, -1, -1, -1
1182, 13, 575, 300, 258, 195, -1, -1, -1, -1
1182, 12, 928, 300, 263, 229, -1, -1, -1, -1
1183, 13, 574, 311, 261, 199, -1, -1, -1, -1
1183, 12, 929, 291, 259, 225, -1, -1, -1, -1
1184, 13, 573, 325, 264, 206, -1, -1, -1, -1
1184, 12, 928, 284, 257, 221, -1, -1, -1, -1
1185, 13, 569, 334, 267, 209, -1, -1, -1, -1
1185, 12, 930, 280, 253, 217, -1, -1, -1, -1
1186, 13, 564, 344, 270, 213, -1, -1, -1, -1
1186, 12, 932, 271, 251, 218, -1, -1, -1, -1
1187, 13, 555, 357, 278, 219, -1, -1, -1, -1
1187, 12, 933, 266, 247, 216, -1, -1, -1, -1
1188, 13, 554, 375, 280, 221, -1, -1, -1, -1
1188, 12, 933, 260, 245, 214, -1, -1, -1, -1
1189, 13, 549, 387, 284, 223, -1, -1, -1, -1
1189, 12, 933, 256, 243, 212, -1, -1, -1, -1
1190, 13, 541, 400, 291, 226, -1, -1, -1, -1
1190, 12, 933, 252, 241, 207, -1, -1, -1, -1
1191, 13, 534, 416, 297, 230, -1, -1, -1, -1
1191, 12, 934, 247, 238, 205, -1, -1, -1, -1
1192, 13, 528, 431, 303, 231, -1, -1, -1, -1
1192, 12, 933, 240, 236, 204, -1, -1, -1, -1
1193, 13, 523, 451, 309, 235, -1, -1, -1, -1
1193, 12, 933, 237, 233, 203, -1, -1, -1, -1
1194, 13, 520, 468, 313, 240, -1, -1, -1, -1
1194, 12, 935, 234, 229, 202, -1, -1, -1, -1
1195, 13, 517, 485, 317, 244, -1, -1, -1, -1
1195, 12, 934, 230, 227, 200, -1, -1, -1, -1
1196, 13, 512, 504, 322, 248, -1, -1, -1, -1
1196, 12, 934, 227, 225, 198, -1, -1, -1, -1
1197, 13, 504, 517, 331, 255, -1, -1, -1, -1
1197, 12, 933, 225, 223, 195, -1, -1, -1, -1
1198, 13, 498, 539, 336, 259, -1, -1, -1, -1
1198, 12, 933, 220, 221, 190, -1, -1, -1, -1
1199, 13, 486, 558, 346, 266, -1, -1, -1, -1
1199, 12, 934, 212, 219, 190, -1, -1, -1, -1
1200, 13, 470, 582, 354, 268, -1, -1, -1, -1
1201, 13, 462, 606, 360, 274, -1, -1, -1, -1
1202, 13, 448, 630, 370, 285, -1, -1, -1, -1
1203, 13, 432, 658, 381, 295, -1, -1, -1, -1
1203, 12, 930, 203, 210, 181, -1, -1, -1, -1
1204, 13, 419, 677, 389, 307, -1, -1, -1, -1
1204, 12, 929, 201, 210, 180, -1, -1, -1, -1
1205, 13, 394, 710, 400, 315, -1, -1, -1, -1
1206, 13, 376, 742, 411, 323, -1, -1, -1, -1
1208, 12, 924, 184, 203, 178, -1, -1, -1, -1
1209, 12, 923, 180, 202, 177, -1, -1, -1, -1
1210, 12, 922, 179, 199, 174, -1, -1, -1, -1
1211, 12, 921, 176, 198, 173, -1, -1, -1, -1
1212, 12, 919, 171, 196, 171, -1, -1, -1, -1
1213, 12, 917, 166, 195, 171, -1, -1, -1, -1
1214, 12, 917, 164, 194, 171, -1, -1, -1, -1
1215, 12, 916, 162, 193, 171, -1, -1, -1, -1
1216, 12, 914, 159, 191, 170, -1, -1, -1, -1
1217, 12, 912, 157, 189, 169, -1, -1, -1, -1
1218, 12, 911, 162, 187, 163, -1, -1, -1, -1
1247, 14, 865, 105, 163, 142, -1, -1, -1, -1
1248, 14, 864, 102, 163, 143, -1, -1, -1, -1
1249, 14, 862, 99, 163, 144, -1, -1, -1, -1
1250, 14, 863, 101, 160, 141, -1, -1, -1, -1
1251, 14, 863, 100, 159, 141, -1, -1, -1, -1
1252, 14, 862, 99, 159, 141, -1, -1, -1, -1
1253, 14, 861, 96, 159, 142, -1, -1, -1, -1
1254, 14, 858, 95, 159, 142, -1, -1, -1, -1
1255, 14, 857, 93, 159, 142, -1, -1, -1, -1
1256, 14, 853, 90, 161, 143, -1, -1, -1, -1
1257, 14, 851, 89, 161, 141, -1, -1, -1, -1
1258, 14, 848, 85, 164, 142, -1, -1, -1, -1
1259, 14, 847, 83, 164, 141, -1, -1, -1, -1
1260, 14, 845, 81, 162, 141, -1, -1, -1, -1
1261, 14, 844, 80, 160, 140, -1, -1, -1, -1
1262, 14, 843, 80, 158, 139, -1, -1, -1, -1
1263, 14, 843, 80, 156, 137, -1, -1, -1, -1
1264, 14, 842, 78, 156, 136, -1, -1, -1, -1
1265, 14, 842, 77, 155, 136, -1, -1, -1, -1
1266, 14, 841, 76, 155, 136, -1, -1, -1, -1
1267, 14, 840, 75, 154, 134, -1, -1, -1, -1
1268, 14, 839, 77, 151, 132, -1, -1, -1, -1
1269, 14, 838, 74, 151, 131, -1, -1, -1, -1
1270, 14, 837, 74, 150, 129, -1, -1, -1, -1
1271, 14, 836, 71, 150, 129, -1, -1, -1, -1
1272, 14, 836, 71, 149, 128, -1, -1, -1, -1
1273, 14, 834, 68, 148, 128, -1, -1, -1, -1
1274, 14, 832, 68, 147, 128, -1, -1, -1, -1
1275, 14, 831, 67, 146, 128, -1, -1, -1, -1
1276, 14, 829, 65, 146, 129, -1, -1, -1, -1
1277, 14, 828, 64, 145, 129, -1, -1, -1, -1
1278, 14, 827, 63, 145, 129, -1, -1, -1, -1
1279, 14, 826, 62, 144, 129, -1, -1, -1, -1
1280, 14, 825, 60, 145, 128, -1, -1, -1, -1
1281, 14, 824, 59, 145, 128, -1, -1, -1, -1
1282, 14, 823, 58, 145, 128, -1, -1, -1, -1
1283, 14, 824, 57, 143, 128, -1, -1, -1, -1
1284, 14, 823, 57, 143, 127, -1, -1, -1, -1
1285, 14, 822, 55, 142, 128, -1, -1, -1, -1
1286, 14, 823, 55, 140, 126, -1, -1, -1, -1
1287, 14, 823, 55, 139, 125, -1, -1, -1, -1
1288, 14, 822, 56, 137, 123, -1, -1, -1, -1
1290, 14, 822, 54, 137, 121, -1, -1, -1, -1
1291, 14, 821, 55, 137, 119, -1, -1, -1, -1
1420, 15, 963, 778, 419, 301, -1, -1, -1, -1
1421, 15, 970, 753, 416, 326, -1, -1, -1, -1
1422, 15, 975, 718, 408, 343, -1, -1, -1, -1
1423, 15, 969, 694, 415, 330, -1, -1, -1, -1
1424, 15, 970, 664, 406, 325, -1, -1, -1, -1
1425, 15, 971, 642, 399, 323, -1, -1, -1, -1
1426, 15, 971, 612, 393, 320, -1, -1, -1, -1
1427, 15, 969, 590, 389, 313, -1, -1, -1, -1
1428, 15, 971, 566, 380, 309, -1, -1, -1, -1
1429, 15, 970, 544, 373, 302, -1, -1, -1, -1
1430, 15, 972, 530, 364, 294, -1, -1, -1, -1
1431, 15, 972, 510, 358, 290, -1, -1, -1, -1
1432, 15, 974, 493, 352, 285, -1, -1, -1, -1
1433, 15, 974, 479, 348, 282, -1, -1, -1, -1
1434, 15, 975, 463, 341, 274, -1, -1, -1, -1
1435, 15, 975, 450, 335, 267, -1, -1, -1, -1
1436, 15, 975, 438, 328, 263, -1, -1, -1, -1
1437, 15, 972, 426, 324, 259, -1, -1, -1, -1
1438, 15, 971, 413, 317, 255, -1, -1, -1, -1
1439, 15, 968, 403, 310, 250, -1, -1, -1, -1
1440, 15, 966, 391, 303, 244, -1, -1, -1, -1
1441, 15, 965, 378, 297, 240, -1, -1, -1, -1
1442, 15, 956, 365, 293, 235, -1, -1, -1, -1
1443, 15, 957, 356, 286, 232, -1, -1, -1, -1
1444, 15, 955, 349, 281, 227, -1, -1, -1, -1
1445, 15, 950, 340, 279, 221, -1, -1, -1, -1
1446, 15, 945, 330, 276, 218, -1, -1, -1, -1
1447, 15, 941, 323, 274, 217, -1, -1, -1, -1
1448, 15, 938, 313, 273, 214, -1, -1, -1, -1
1449, 15, 937, 305, 268, 210, -1, -1, -1, -1
1450, 15, 938, 297, 262, 204, -1, -1, -1, -1
1451, 15, 936, 294, 257, 199, -1, -1, -1, -1
1452, 15, 935, 282, 254, 196, -1, -1, -1, -1
1453, 15, 934, 276, 249, 194, -1, -1, -1, -1
1454, 15, 933, 272, 244, 190, -1, -1, -1, -1
1455, 15, 931, 267, 241, 187, -1, -1, -1, -1
1456, 15, 927, 260, 238, 185, -1, -1, -1, -1
1457, 15, 926, 253, 235, 182, -1, -1, -1, -1
1458, 15, 924, 249, 231, 178, -1, -1, -1, -1
1459, 15, 922, 245, 228, 177, -1, -1, -1, -1
1460, 15, 920, 240, 224, 175, -1, -1, -1, -1
1461, 15, 919, 235, 221, 173, -1, -1, -1, -1
1462, 15, 918, 231, 219, 170, -1, -1, -1, -1
1463, 15, 918, 228, 215, 168, -1, -1, -1, -1
1464, 15, 917, 225, 212, 166, -1, -1, -1, -1
1465, 15, 915, 220, 209, 165, -1, -1, -1, -1
1466, 15, 912, 218, 207, 164, -1, -1, -1, -1
1467, 15, 910, 215, 204, 161, -1, -1, -1, -1
1468, 15, 908, 208, 202, 161, -1, -1, -1, -1
1469, 15, 905, 204, 200, 159, -1, -1, -1, -1
1470, 15, 902, 199, 199, 157, -1, -1, -1, -1
1471, 15, 899, 194, 197, 156, -1, -1, -1, -1
1472, 15, 898, 193, 194, 152, -1, -1, -1, -1
1473, 15, 897, 190, 192, 151, -1, -1, -1, -1
1474, 15, 896, 185, 191, 150, -1, -1, -1, -1
1475, 15, 894, 183, 190, 149, -1, -1, -1, -1
1476, 15, 894, 180, 186, 147, -1, -1, -1, -1
1477, 15, 893, 175, 183, 147, -1, -1, -1, -1
1478, 15, 892, 172, 180, 145, -1, -1, -1, -1
1479, 15, 891, 170, 178, 143, -1, -1, -1, -1
1480, 15, 889, 165, 176, 143, -1, -1, -1, -1
1481, 15, 889, 161, 174, 142, -1, -1, -1, -1
1482, 15, 889, 158, 173, 140, -1, -1, -1, -1
1483, 15, 886, 154, 173, 140, -1, -1, -1, -1
1488, 15, 878, 146, 170, 137, -1, -1, -1, -1
1489, 15, 874, 142, 168, 135, -1, -1, -1, -1
1490, 15, 873, 139, 165, 133, -1, -1, -1, -1
1491, 15, 872, 137, 163, 131, -1, -1, -1, -1
1492, 15, 871, 133, 161, 131, -1, -1, -1, -1
1493, 15, 871, 132, 159, 129, -1, -1, -1, -1
1494, 15, 871, 131, 156, 126, -1, -1, -1, -1
1495, 15, 869, 131, 152, 124, -1, -1, -1, -1
1496, 15, 868, 129, 149, 123, -1, -1, -1, -1
1497, 15, 866, 125, 149, 122, -1, -1, -1, -1
1498, 15, 864, 125, 148, 120, -1, -1, -1, -1
1499, 15, 862, 124, 147, 119, -1, -1, -1, -1
1500, 15, 861, 123, 146, 118, -1, -1, -1, -1
1501, 15, 859, 122, 146, 117, -1, -1, -1, -1
1502, 15, 857, 118, 146, 117, -1, -1, -1, -1
1503, 15, 854, 115, 145, 117, -1, -1, -1, -1
1504, 15, 853, 112, 143, 117, -1, -1, -1, -1
1505, 15, 852, 110, 141, 117, -1, -1, -1, -1
1506, 15, 851, 108, 140, 117, -1, -1, -1, -1
1507, 15, 851, 106, 139, 116, -1, -1, -1, -1
1508, 15, 850, 104, 138, 116, -1, -1, -1, -1
1509, 15, 849, 98, 137, 116, -1, -1, -1, -1
1510, 15, 848, 95, 136, 116, -1, -1, -1, -1
1511, 15, 848, 95, 135, 115, -1, -1, -1, -1
1512, 15, 847, 94, 134, 114, -1, -1, -1, -1
1513, 15, 847, 92, 134, 114, -1, -1, -1, -1
1514, 15, 845, 90, 133, 115, -1, -1, -1, -1
1515, 15, 845, 89, 133, 115, -1, -1, -1, -1
1516, 15, 844, 88, 132, 115, -1, -1, -1, -1
1517, 15, 842, 84, 131, 115, -1, -1, -1, -1
1518, 15, 841, 82, 131, 115, -1, -1, -1, -1
1519, 15, 839, 79, 130, 115, -1, -1, -1, -1
1520, 15, 837, 77, 130, 115, -1, -1, -1, -1
1521, 15, 835, 76, 130, 114, -1, -1, -1, -1
1522, 15, 833, 74, 131, 114, -1, -1, -1, -1
1523, 15, 832, 73, 131, 113, -1, -1, -1, -1
1524, 15, 831, 70, 131, 113, -1, -1, -1, -1
1525, 15, 831, 70, 130, 112, -1, -1, -1, -1
1527, 15, 829, 68, 130, 112, -1, -1, -1, -1
1528, 15, 829, 68, 128, 110, -1, -1, -1, -1
1529, 15, 830, 68, 127, 108, -1, -1, -1, -1
1576, 17, 980, 625, 407, 362, -1, -1, -1, -1
1577, 17, 981, 601, 399, 354, -1, -1, -1, -1
1578, 17, 976, 566, 396, 356, -1, -1, -1, -1
1579, 17, 974, 543, 391, 354, -1, -1, -1, -1
1580, 17, 974, 524, 384, 347, -1, -1, -1, -1
1581, 17, 970, 504, 381, 340, -1, -1, -1, -1
1582, 17, 970, 493, 370, 330, -1, -1, -1, -1
1583, 17, 967, 470, 364, 325, -1, -1, -1, -1
1584, 17, 964, 454, 355, 319, -1, -1, -1, -1
1585, 17, 959, 442, 349, 315, -1, -1, -1, -1
1586, 17, 958, 430, 341, 305, -1, -1, -1, -1
1587, 17, 954, 417, 334, 298, -1, -1, -1, -1
1588, 17, 950, 405, 327, 290, -1, -1, -1, -1
1589, 17, 943, 395, 320, 281, -1, -1, -1, -1
1590, 17, 938, 377, 316, 281, -1, -1, -1, -1
1591, 17, 933, 366, 312, 275, -1, -1, -1, -1
1592, 17, 930, 355, 307, 269, -1, -1, -1, -1
1593, 17, 928, 348, 301, 263, -1, -1, -1, -1
1594, 17, 926, 340, 294, 256, -1, -1, -1, -1
1595, 17, 924, 332, 288, 250, -1, -1, -1, -1
1596, 17, 924, 322, 284, 244, -1, -1, -1, -1
1597, 17, 922, 314, 277, 241, -1, -1, -1, -1
1598, 17, 920, 305, 272, 237, -1, -1, -1, -1
1599, 17, 923, 300, 267, 233, -1, -1, -1, -1
1600, 17, 924, 288, 261, 229, -1, -1, -1, -1
1601, 18, 704, 54, 135, 123, -1, -1, -1, -1
1601, 17, 922, 278, 258, 227, -1, -1, -1, -1
1602, 18, 703, 54, 138, 124, -1, -1, -1, -1
1602, 17, 924, 271, 252, 223, -1, -1, -1, -1
1603, 18, 701, 55, 140, 125, -1, -1, -1, -1
1603, 17, 923, 265, 247, 221, -1, -1, -1, -1
1604, 18, 700, 56, 141, 126, -1, -1, -1, -1
1604, 17, 922, 259, 245, 219, -1, -1, -1, -1
1605, 18, 699, 57, 141, 126, -1, -1, -1, -1
1605, 17, 922, 251, 242, 216, -1, -1, -1, -1
1606, 18, 700, 58, 141, 127, -1, -1, -1, -1
1606, 17, 921, 241, 240, 215, -1, -1, -1, -1
1607, 18, 700, 58, 141, 127, -1, -1, -1, -1
1607, 17, 920, 237, 238, 211, -1, -1, -1, -1
1608, 18, 699, 60, 142, 127, -1, -1, -1, -1
1608, 17, 921, 233, 234, 208, -1, -1, -1, -1
1609, 18, 698, 62, 141, 125, -1, -1, -1, -1
1609, 17, 922, 228, 230, 205, -1, -1, -1, -1
1610, 18, 697, 63, 141, 125, -1, -1, -1, -1
1610, 17, 923, 224, 226, 201, -1, -1, -1, -1
1611, 18, 697, 65, 140, 124, -1, -1, -1, -1
1611, 17, 923, 218, 223, 196, -1, -1, -1, -1
1612, 18, 696, 66, 141, 124, -1, -1, -1, -1
1612, 17, 923, 213, 220, 194, -1, -1, -1, -1
1613, 18, 694, 65, 142, 126, -1, -1, -1, -1
1613, 17, 924, 209, 218, 192, -1, -1, -1, -1
1614, 18, 691, 67, 144, 125, -1, -1, -1, -1
1614, 17, 923, 206, 216, 191, -1, -1, -1, -1
1615, 18, 689, 70, 145, 125, -1, -1, -1, -1
1615, 17, 924, 204, 214, 188, -1, -1, -1, -1
1616, 18, 687, 71, 145, 124, -1, -1, -1, -1
1616, 17, 924, 203, 211, 184, -1, -1, -1, -1
1617, 18, 686, 72, 144, 125, -1, -1, -1, -1
1617, 17, 923, 199, 209, 181, -1, -1, -1, -1
1618, 18, 684, 72, 144, 126, -1, -1, -1, -1
1618, 17, 922, 193, 207, 181, -1, -1, -1, -1
1619, 18, 685, 72, 144, 127, -1, -1, -1, -1
1619, 17, 921, 191, 204, 178, -1, -1, -1, -1
1620, 18, 683, 72, 143, 128, -1, -1, -1, -1
1620, 17, 921, 187, 201, 177, -1, -1, -1, -1
1621, 18, 682, 73, 142, 129, -1, -1, -1, -1
1621, 17, 921, 183, 198, 175, -1, -1, -1, -1
1622, 18, 680, 74, 142, 130, -1, -1, -1, -1
1622, 17, 921, 181, 196, 173, -1, -1, -1, -1
1623, 18, 678, 77, 143, 130, -1, -1, -1, -1
1623, 17, 921, 178, 194, 170, -1, -1, -1, -1
1624, 18, 676, 77, 144, 131, -1, -1, -1, -1
1624, 17, 921, 176, 192, 167, -1, -1, -1, -1
1625, 18, 674, 78, 144, 132, -1, -1, -1, -1
1625, 17, 920, 174, 190, 164, -1, -1, -1, -1
1626, 18, 672, 78, 146, 133, -1, -1, -1, -1
1626, 17, 920, 170, 188, 163, -1, -1, -1, -1
1627, 18, 671, 80, 146, 133, -1, -1, -1, -1
1627, 17, 918, 163, 187, 163, -1, -1, -1, -1
1628, 18, 669, 81, 147, 133, -1, -1, -1, -1
1628, 17, 916, 159, 184, 163, -1, -1, -1, -1
1629, 17, 915, 156, 181, 161, -1, -1, -1, -1
1630, 17, 915, 155, 177, 158, -1, -1, -1, -1
1657, 19, 863, 90, 156, 145, -1, -1, -1, -1
1658, 19, 861, 87, 156, 146, -1, -1, -1, -1
1659, 19, 862, 86, 154, 144, -1, -1, -1, -1
1660, 19, 860, 84, 155, 143, -1, -1, -1, -1
1661, 19, 859, 84, 154, 141, -1, -1, -1, -1
1662, 19, 857, 87, 151, 136, -1, -1, -1, -1
1663, 19, 857, 88, 150, 132, -1, -1, -1, -1
1664, 19, 855, 89, 148, 128, -1, -1, -1, -1
1665, 19, 852, 88, 147, 127, -1, -1, -1, -1
1666, 19, 850, 85, 146, 128, -1, -1, -1, -1
1667, 19, 848, 82, 146, 129, -1, -1, -1, -1
1668, 19, 847, 80, 146, 129, -1, -1, -1, -1
1669, 19, 845, 75, 146, 132, -1, -1, -1, -1
1675, 19, 837, 66, 141, 127, -1, -1, -1, -1
1676, 19, 837, 67, 138, 125, -1, -1, -1, -1
1687, 20, 607, 179, 216, 189, -1, -1, -1, -1
1688, 20, 605, 179, 218, 192, -1, -1, -1, -1
1689, 20, 604, 179, 221, 196, -1, -1, -1, -1
1690, 20, 602, 180, 224, 200, -1, -1, -1, -1
1691, 20, 601, 182, 225, 202, -1, -1, -1, -1
1692, 20, 601, 184, 227, 203, -1, -1, -1, -1
1693, 20, 603, 190, 228, 202, -1, -1, -1, -1
1694, 20, 603, 193, 229, 202, -1, -1, -1, -1
1695, 20, 604, 195, 230, 203, -1, -1, -1, -1
1696, 20, 605, 199, 231, 203, -1, -1, -1, -1
1697, 20, 606, 201, 232, 202, -1, -1, -1, -1
1698, 20, 606, 202, 234, 202, -1, -1, -1, -1
1699, 20, 605, 203, 234, 204, -1, -1, -1, -1
1700, 20, 606, 205, 237, 206, -1, -1, -1, -1
1701, 20, 606, 210, 239, 206, -1, -1, -1, -1
1702, 20, 605, 212, 240, 209, -1, -1, -1, -1
1703, 20, 606, 216, 242, 210, -1, -1, -1, -1
1704, 20, 608, 219, 242, 212, -1, -1, -1, -1
1705, 20, 609, 222, 244, 213, -1, -1, -1, -1
1706, 20, 610, 224, 246, 214, -1, -1, -1, -1
1707, 20, 610, 228, 251, 216, -1, -1, -1, -1
1708, 20, 609, 230, 255, 218, -1, -1, -1, -1
1709, 20, 610, 238, 257, 218, -1, -1, -1, -1
1710, 20, 611, 245, 259, 220, -1, -1, -1, -1
1711, 20, 613, 252, 259, 221, -1, -1, -1, -1
1712, 20, 615, 258, 261, 226, -1, -1, -1, -1
1713, 20, 616, 265, 263, 229, -1, -1, -1, -1
1714, 20, 617, 268, 264, 232, -1, -1, -1, -1
1715, 20, 617, 271, 267, 235, -1, -1, -1, -1
1716, 20, 614, 273, 271, 238, -1, -1, -1, -1
1717, 20, 610, 275, 276, 243, -1, -1, -1, -1
1718, 20, 611, 284, 278, 244, -1, -1, -1, -1
1719, 20, 612, 294, 279, 248, -1, -1, -1, -1
1720, 20, 610, 293, 282, 256, -1, -1, -1, -1
1721, 20, 604, 299, 287, 260, -1, -1, -1, -1
1722, 20, 605, 304, 287, 263, -1, -1, -1, -1
1723, 20, 599, 308, 292, 266, -1, -1, -1, -1
1724, 20, 598, 316, 293, 267, -1, -1, -1, -1
1725, 20, 596, 321, 296, 273, -1, -1, -1, -1
1726, 20, 595, 336, 298, 272, -1, -1, -1, -1
1727, 20, 594, 342, 300, 274, -1, -1, -1, -1
1728, 20, 592, 345, 303, 279, -1, -1, -1, -1
1729, 20, 589, 355, 305, 279, -1, -1, -1, -1
1730, 20, 585, 363, 309, 281, -1, -1, -1, -1
1731, 20, 582, 367, 312, 288, -1, -1, -1, -1
1732, 20, 579, 370, 317, 295, -1, -1, -1, -1
1733, 20, 575, 376, 322, 299, -1, -1, -1, -1
1734, 20, 573, 385, 325, 302, -1, -1, -1, -1
1735, 20, 572, 392, 327, 307, -1, -1, -1, -1
1736, 20, 571, 404, 331, 311, -1, -1, -1, -1
1737, 20, 568, 411, 335, 317, -1, -1, -1, -1
1738, 20, 568, 415, 338, 323, -1, -1, -1, -1
1739, 20, 566, 422, 342, 332, -1, -1, -1, -1
1740, 20, 565, 428, 345, 340, -1, -1, -1, -1
1741, 20, 561, 441, 350, 348, -1, -1, -1, -1
1742, 20, 557, 454, 354, 353, -1, -1, -1, -1
1743, 20, 552, 463, 359, 358, -1, -1, -1, -1
1744, 20, 546, 474, 365, 366, -1, -1, -1, -1
1745, 20, 541, 493, 369, 367, -1, -1, -1, -1
1746, 20, 538, 506, 373, 369, -1, -1, -1, -1
1747, 20, 531, 516, 381, 378, -1, -1, -1, -1
1748, 20, 524, 535, 387, 382, -1, -1, -1, -1
1749, 20, 520, 551, 391, 382, -1, -1, -1, -1
1750, 20, 517, 561, 395, 390, -1, -1, -1, -1
1751, 20, 509, 563, 403, 400, -1, -1, -1, -1
1752, 20, 498, 590, 410, 402, -1, -1, -1, -1
1753, 20, 489, 610, 416, 403, -1, -1, -1, -1
1754, 20, 479, 613, 423, 411, -1, -1, -1, -1
1755, 20, 470, 647, 429, 409, -1, -1, -1, -1
1756, 20, 462, 663, 431, 410, -1, -1, -1, -1
1778, 21, 1023, 532, 364, 308, -1, -1, -1, -1
1779, 21, 1007, 471, 365, 321, -1, -1, -1, -1
1809, 22, 946, 218, 259, 240, -1, -1, -1, -1
1908, 25, 698, 60, 127, 113, -1, -1, -1, -1
1909, 25, 699, 60, 128, 112, -1, -1, -1, -1
1910, 25, 700, 60, 128, 112, -1, -1, -1, -1
1911, 25, 699, 63, 128, 111, -1, -1, -1, -1
1912, 25, 700, 65, 128, 109, -1, -1, -1, -1
1913, 25, 700, 67, 128, 109, -1, -1, -1, -1
1914, 25, 699, 69, 129, 109, -1, -1, -1, -1
1915, 25, 698, 70, 130, 109, -1, -1, -1, -1
1916, 25, 698, 72, 130, 108, -1, -1, -1, -1
1917, 25, 698, 74, 131, 108, -1, -1, -1, -1
1918, 25, 697, 75, 131, 108, -1, -1, -1, -1
1919, 25, 697, 76, 132, 109, -1, -1, -1, -1
1920, 25, 696, 76, 133, 110, -1, -1, -1, -1
1921, 25, 697, 76, 133, 111, -1, -1, -1, -1
1922, 25, 694, 77, 135, 112, -1, -1, -1, -1
1923, 25, 693, 78, 136, 113, -1, -1, -1, -1
1924, 25, 693, 79, 137, 114, -1, -1, -1, -1
1925, 25, 692, 80, 138, 114, -1, -1, -1, -1
1926, 25, 692, 81, 138, 114, -1, -1, -1, -1
1927, 25, 691, 82, 139, 115, -1, -1, -1, -1
1928, 25, 690, 83, 139, 115, -1, -1, -1, -1
1929, 25, 690, 85, 139, 116, -1, -1, -1, -1
1930, 25, 690, 87, 140, 117, -1, -1, -1, -1
1931, 25, 689, 89, 141, 117, -1, -1, -1, -1
1932, 25, 687, 92, 143, 117, -1, -1, -1, -1
1933, 25, 685, 94, 144, 117, -1, -1, -1, -1
1934, 25, 684, 95, 145, 117, -1, -1, -1, -1
1935, 25, 685, 96, 144, 119, -1, -1, -1, -1
1936, 25, 685, 98, 143, 120, -1, -1, -1, -1
1937, 25, 685, 98, 143, 122, -1, -1, -1, -1
1938, 25, 683, 98, 143, 123, -1, -1, -1, -1
1939, 25, 682, 99, 143, 124, -1, -1, -1, -1
1940, 25, 680, 101, 144, 127, -1, -1, -1, -1
1941, 25, 678, 103, 146, 128, -1, -1, -1, -1
1942, 25, 677, 104, 146, 129, -1, -1, -1, -1
1943, 25, 676, 105, 147, 131, -1, -1, -1, -1
1944, 25, 674, 109, 148, 130, -1, -1, -1, -1
1945, 25, 673, 113, 148, 129, -1, -1, -1, -1
1946, 25, 671, 116, 149, 129, -1, -1, -1, -1
1947, 25, 670, 118, 150, 130, -1, -1, -1, -1
1972, 26, 604, 187, 194, 155, -1, -1, -1, -1
1973, 26, 603, 191, 197, 156, -1, -1, -1, -1
1974, 26, 600, 193, 198, 157, -1, -1, -1, -1
1975, 26, 598, 196, 200, 157, -1, -1, -1, -1
1976, 26, 596, 202, 201, 157, -1, -1, -1, -1
1977, 26, 594, 204, 205, 163, -1, -1, -1, -1
1978, 26, 592, 205, 208, 167, -1, -1, -1, -1
1979, 26, 591, 209, 212, 170, -1, -1, -1, -1
1980, 26, 587, 213, 214, 170, -1, -1, -1, -1
1981, 26, 587, 218, 217, 171, -1, -1, -1, -1
1982, 26, 586, 222, 220, 174, -1, -1, -1, -1
1983, 26, 584, 225, 223, 176, -1, -1, -1, -1
1984, 26, 582, 227, 225, 177, -1, -1, -1, -1
1985, 26, 582, 231, 227, 179, -1, -1, -1, -1
1986, 26, 581, 236, 229, 180, -1, -1, -1, -1
1987, 26, 580, 242, 231, 180, -1, -1, -1, -1
1988, 26, 579, 249, 232, 180, -1, -1, -1, -1
1989, 26, 576, 252, 234, 182, -1, -1, -1, -1
1990, 26, 575, 257, 236, 184, -1, -1, -1, -1
1991, 26, 570, 262, 241, 184, -1, -1, -1, -1
1992, 26, 567, 268, 245, 186, -1, -1, -1, -1
1993, 26, 564, 272, 247, 190, -1, -1, -1, -1
1994, 26, 560, 280, 250, 193, -1, -1, -1, -1
1995, 26, 557, 287, 254, 197, -1, -1, -1, -1
1996, 26, 549, 297, 261, 205, -1, -1, -1, -1
1997, 26, 548, 305, 263, 206, -1, -1, -1, -1
1998, 26, 541, 317, 269, 212, -1, -1, -1, -1
1999, 26, 534, 329, 276, 217, -1, -1, -1, -1
2000, 26, 528, 341, 282, 219, -1, -1, -1, -1
2001, 26, 523, 355, 287, 223, -1, -1, -1, -1
2002, 26, 520, 365, 291, 225, -1, -1, -1, -1
2003, 26, 518, 374, 294, 229, -1, -1, -1, -1
2004, 26, 516, 385, 298, 232, -1, -1, -1, -1
2005, 26, 513, 397, 301, 235, -1, -1, -1, -1
2006, 26, 508, 410, 304, 238, -1, -1, -1, -1
2007, 26, 507, 424, 307, 240, -1, -1, -1, -1
2008, 26, 503, 440, 310, 242, -1, -1, -1, -1
2009, 26, 498, 455, 314, 244, -1, -1, -1, -1
2010, 26, 493, 470, 319, 246, -1, -1, -1, -1
2011, 26, 486, 489, 325, 249, -1, -1, -1, -1
2012, 26, 481, 505, 331, 256, -1, -1, -1, -1
2013, 26, 478, 520, 336, 262, -1, -1, -1, -1
2014, 26, 471, 538, 342, 270, -1, -1, -1, -1
2015, 26, 468, 554, 348, 279, -1, -1, -1, -1
2016, 26, 462, 571, 355, 288, -1, -1, -1, -1
2017, 26, 452, 588, 364, 299, -1, -1, -1, -1
2018, 26, 443, 614, 371, 305, -1, -1, -1, -1
2019, 26, 429, 637, 380, 314, -1, -1, -1, -1
2020, 26, 416, 662, 387, 322, -1, -1, -1, -1
2021, 26, 399, 685, 398, 330, -1, -1, -1, -1
2022, 26, 382, 710, 409, 337, -1, -1, -1, -1
2023, 26, 362, 737, 416, 339, -1, -1, -1, -1
2024, 26, 337, 753, 427, 336, -1, -1, -1, -1
2050, 27, 1111, 738, 440, 326, -1, -1, -1, -1
2051, 27, 1107, 718, 432, 329, -1, -1, -1, -1
2052, 27, 1109, 693, 417, 329, -1, -1, -1, -1
2053, 27, 1111, 669, 402, 323, -1, -1, -1, -1
2054, 27, 1109, 642, 389, 315, -1, -1, -1, -1
2055, 27, 1105, 615, 382, 314, -1, -1, -1, -1
2056, 27, 1100, 594, 370, 306, -1, -1, -1, -1
2057, 27, 1089, 567, 366, 305, -1, -1, -1, -1
2058, 27, 1079, 553, 358, 297, -1, -1, -1, -1
2059, 27, 1072, 535, 352, 293, -1, -1, -1, -1
2060, 27, 1066, 519, 345, 288, -1, -1, -1, -1
2061, 27, 1063, 504, 337, 280, -1, -1, -1, -1
2062, 27, 1050, 490, 332, 273, -1, -1, -1, -1
2063, 27, 1036, 471, 327, 269, -1, -1, -1, -1
2064, 27, 1029, 458, 321, 262, -1, -1, -1, -1
2065, 27, 1022, 447, 315, 257, -1, -1, -1, -1
2066, 27, 1016, 436, 309, 250, -1, -1, -1, -1
2070, 27, 979, 389, 291, 234, -1, -1, -1, -1
2071, 27, 977, 378, 285, 228, -1, -1, -1, -1
2072, 27, 975, 368, 277, 226, -1, -1, -1, -1
2073, 27, 972, 361, 270, 224, -1, -1, -1, -1
2084, 27, 956, 272, 225, 186, -1, -1, -1, -1
2085, 27, 957, 264, 219, 184, -1, -1, -1, -1
2086, 27, 957, 258, 217, 182, -1, -1, -1, -1
2087, 27, 957, 255, 213, 179, -1, -1, -1, -1
2088, 27, 959, 250, 210, 176, -1, -1, -1, -1
2089, 27, 960, 248, 206, 173, -1, -1, -1, -1
2090, 27, 961, 242, 203, 171, -1, -1, -1, -1
2091, 27, 962, 238, 201, 169, -1, -1, -1, -1
2092, 27, 962, 234, 198, 167, -1, -1, -1, -1
2093, 27, 963, 230, 196, 165, -1, -1, -1, -1
2094, 27, 962, 226, 193, 163, -1, -1, -1, -1
2095, 27, 964, 223, 190, 161, -1, -1, -1, -1
2096, 27, 963, 220, 188, 160, -1, -1, -1, -1
2097, 27, 964, 216, 184, 158, -1, -1, -1, -1
2098, 27, 964, 209, 183, 157, -1, -1, -1, -1
2099, 27, 965, 206, 180, 155, -1, -1, -1, -1
2100, 27, 966, 205, 176, 154, -1, -1, -1, -1
2101, 27, 966, 202, 173, 151, -1, -1, -1, -1
2102, 27, 966, 201, 170, 147, -1, -1, -1, -1
2103, 27, 963, 196, 170, 146, -1, -1, -1, -1
2104, 27, 961, 191, 169, 145, -1, -1, -1, -1
2105, 27, 959, 186, 168, 146, -1, -1, -1, -1
2106, 27, 955, 184, 168, 144, -1, -1, -1, -1
2113, 27, 946, 161, 160, 136, -1, -1, -1, -1
2117, 27, 937, 156, 156, 130, -1, -1, -1, -1
