535 558 403 290 234 0.8324
535 1264 121 290 168 0.8233
536 548 408 297 236 0.8608
536 641 172 182 150 0.8464
536 1267 120 284 168 0.8249
537 543 417 302 245 0.8734
537 641 176 183 151 0.8549
537 1258 121 290 167 0.8224
538 639 176 186 154 0.8898
538 1248 121 296 167 0.8594
538 540 427 304 240 0.8364
539 639 180 189 155 0.8778
539 1241 122 294 165 0.8456
539 538 440 307 252 0.8218
540 640 186 189 157 0.8837
540 530 457 313 251 0.8656
541 525 464 319 254 0.9202
541 640 188 193 154 0.8820
542 524 477 319 257 0.9069
542 640 192 194 156 0.8747
543 520 485 327 278 0.9175
543 641 198 194 156 0.8723
544 516 508 327 269 0.9270
544 640 198 195 160 0.8588
545 501 516 342 285 0.8925
545 639 205 199 161 0.8491
546 490 530 353 294 0.8902
546 640 209 199 162 0.8544
547 475 556 352 284 0.9047
547 639 207 201 167 0.8373
548 468 562 359 313 0.9171
548 638 214 203 165 0.8780
549 453 597 369 291 0.9091
549 637 215 205 168 0.8643
550 439 607 380 322 0.9103
550 634 220 210 169 0.8452
551 421 618 387 326 0.9085
551 635 225 212 168 0.8120
552 410 657 392 328 0.9140
552 634 229 213 168 0.8278
553 383 667 412 350 0.9432
553 634 227 217 177 0.8438
554 371 703 410 347 0.9278
554 633 230 217 179 0.8605
555 632 238 218 173 0.8460
555 354 710 418 369 0.8132
556 633 241 220 177 0.8264
556 331 753 431 326 0.6172
557 316 759 431 320 0.7893
557 633 250 219 163 0.7805
558 630 252 226 181 0.8531
558 282 793 442 286 0.5631
559 628 257 229 183 0.8667
559 968 157 291 164 0.8111
560 628 259 232 179 0.8468
560 949 157 276 164 0.8425
561 934 154 276 170 0.8997
561 627 268 236 186 0.8270
562 918 158 274 167 0.8641
562 624 275 241 186 0.8202
563 902 156 270 170 0.8855
563 621 280 245 187 0.8662
564 885 161 264 166 0.8886
564 616 288 254 198 0.8368
565 869 164 271 166 0.8731
565 611 298 258 199 0.8279
566 858 163 262 168 0.8773
566 613 304 255 201 0.8635
567 839 168 257 164 0.8702
567 613 318 257 189 0.8557
568 609 324 264 204 0.8540
568 821 169 266 164 0.8337
569 609 332 266 203 0.8562
569 808 168 259 167 0.8544
570 792 170 255 168 0.8551
570 594 340 282 227 0.8509
571 604 353 271 205 0.8164
571 777 173 262 170 0.8146
572 597 368 278 228 0.8573
572 765 175 252 171 0.8004
573 590 372 287 230 0.8829
573 752 177 248 169 0.8008
574 580 382 294 236 0.8813
574 740 178 244 170 0.8788
575 576 401 299 237 0.9007
575 725 179 242 172 0.8433
576 574 416 299 238 0.9142
576 714 185 242 170 0.8780
577 571 424 301 243 0.9202
577 706 186 236 172 0.8689
578 567 442 303 243 0.8873
578 693 189 234 172 0.8501
579 555 451 315 254 0.8951
579 684 194 231 171 0.7835
580 551 467 316 255 0.8841
580 673 199 232 173 0.8257
581 536 480 329 256 0.8869
581 665 201 230 176 0.8845
582 525 499 336 261 0.8828
582 658 202 228 178 0.8514
583 521 504 337 274 0.8894
583 649 206 228 175 0.8661
584 516 521 337 288 0.8542
584 642 208 229 175 0.8456
585 495 543 358 280 0.8758
585 635 213 227 175 0.8438
586 483 567 361 287 0.8900
586 630 217 225 173 0.8062
587 468 585 372 292 0.8893
587 623 222 226 174 0.8027
588 453 601 378 315 0.8742
588 617 222 228 179 0.7796
589 438 620 388 319 0.8672
589 614 224 226 178 0.8420
590 417 647 401 324 0.8635
590 610 230 228 179 0.8506
591 606 230 233 184 0.8795
591 403 662 406 340 0.8711
592 373 701 425 331 0.9057
592 602 234 232 183 0.8516
593 367 711 417 347 0.8568
593 598 244 234 178 0.8388
594 594 247 236 180 0.8125
594 333 741 435 338 0.6444
595 592 251 237 181 0.8806
595 318 763 443 316 0.7026
596 590 252 238 187 0.8714
597 588 255 239 192 0.8662
598 585 264 243 189 0.8385
599 583 272 246 186 0.8294
600 575 273 256 205 0.8221
601 574 277 258 209 0.8429
602 570 298 262 194 0.8607
603 560 298 270 215 0.8445
604 565 313 264 213 0.7965
605 559 324 267 212 0.7969
606 554 324 271 222 0.8382
607 540 338 283 218 0.8592
608 537 352 285 217 0.8694
609 528 360 293 228 0.8903
610 525 367 295 229 0.9048
611 524 371 297 234 0.9094
612 522 389 299 230 0.9261
613 520 400 300 234 0.9278
614 511 405 308 247 0.9074
615 504 421 314 244 0.9057
616 498 438 319 237 0.8974
617 489 453 326 243 0.9060
618 477 461 338 256 0.8918
619 473 469 337 252 0.8947
620 471 490 338 257 0.8857
621 462 492 345 279 0.9089
622 447 507 355 281 0.8854
623 434 522 365 296 0.8775
624 419 544 379 291 0.9151
625 417 562 377 308 0.9027
626 399 594 388 292 0.8775
627 385 601 396 323 0.8744
628 373 615 400 328 0.9095
629 365 636 403 338 0.8722
630 335 659 425 344 0.8972
631 318 700 433 341 0.9186
632 307 708 433 352 0.9052
633 272 746 456 333 0.7859
634 264 756 457 323 0.7738
635 226 809 479 270 0.6091
707 969 664 469 415 0.6499
709 971 625 465 450 0.7379
710 977 621 460 445 0.5689
711 981 615 453 436 0.6221
712 981 582 451 437 0.7809
713 984 570 447 440 0.7987
714 985 564 437 420 0.8542
715 979 538 441 426 0.8655
716 970 534 447 408 0.8648
717 974 515 434 401 0.8080
718 973 504 416 401 0.8565
719 974 504 414 378 0.9046
720 973 476 414 382 0.8090
721 968 478 404 369 0.8033
722 967 446 401 383 0.8860
723 953 443 409 369 0.9020
724 955 435 404 358 0.7982
725 947 416 391 368 0.8097
726 943 401 394 370 0.8768
727 932 399 401 355 0.8258
728 926 396 386 341 0.8379
729 926 382 384 340 0.8631
730 924 361 377 353 0.8546
731 921 361 369 332 0.8379
732 911 351 375 338 0.8199
733 910 342 364 332 0.8890
734 908 345 353 324 0.8620
735 906 323 351 324 0.8490
736 898 318 358 322 0.8126
737 895 322 345 307 0.8292
738 893 310 336 306 0.8444
739 883 306 341 299 0.7570
740 881 303 333 289 0.8321
741 880 299 324 282 0.8626
742 877 288 326 286 0.8837
743 878 288 321 274 0.8907
744 876 279 317 282 0.8664
745 874 271 307 284 0.8539
746 875 267 302 266 0.8123
747 875 266 301 262 0.8915
748 873 257 301 263 0.8920
749 872 254 296 260 0.8626
750 871 254 295 251 0.8373
751 869 243 293 260 0.7795
752 869 240 285 256 0.7509
753 870 227 280 262 0.7260
754 868 228 280 253 0.7914
755 868 226 278 251 0.7205
756 862 222 277 248 0.7205
757 850 221 285 239 0.7768
758 852 218 274 239 0.7134
759 849 216 275 235 0.7394
760 847 216 274 231 0.7030
761 844 210 274 230 0.7503
762 836 207 274 230 0.7162
763 835 204 270 224 0.7219
764 834 200 268 218 0.8116
765 832 195 267 217 0.8060
766 831 186 265 220 0.7938
767 830 188 260 215 0.8316
768 830 185 255 215 0.7200
769 830 184 251 211 0.7236
770 830 183 247 210 0.6687
771 828 175 246 213 0.6688
772 829 177 243 208 0.6533
773 829 174 239 207 0.6138
774 829 169 238 207 0.7377
775 829 170 234 198 0.6326
776 828 167 235 198 0.6708
777 826 155 235 200 0.8405
778 828 156 234 195 0.8506
779 828 152 231 197 0.8218
780 828 151 228 197 0.7893
781 829 151 227 197 0.7946
782 829 148 223 193 0.7771
783 830 142 222 193 0.7869
784 829 134 224 199 0.8639
785 829 136 221 191 0.8566
786 829 135 220 189 0.8591
787 829 133 221 191 0.8649
788 830 138 217 184 0.8157
789 831 138 216 181 0.8144
790 831 129 216 183 0.8400
791 832 129 213 183 0.8302
792 833 128 211 177 0.8201
793 835 128 206 176 0.8329
794 835 127 205 174 0.8256
795 834 127 202 170 0.8113
796 832 128 204 167 0.8453
797 833 125 200 168 0.8458
798 835 126 196 167 0.8458
799 837 120 193 170 0.7904
800 836 128 193 162 0.8209
801 836 123 192 163 0.8533
802 839 122 188 159 0.8240
803 839 116 187 161 0.8556
804 837 118 188 158 0.8266
805 838 108 188 165 0.8093
806 838 107 187 164 0.7796
807 839 115 186 154 0.8417
808 840 111 184 157 0.7834
809 840 103 184 163 0.8028
810 840 105 181 157 0.8029
811 839 101 183 159 0.8336
812 839 99 182 158 0.8143
813 839 94 181 161 0.8453
814 839 94 181 160 0.8229
815 839 94 180 158 0.8227
816 839 93 180 156 0.8373
817 837 88 181 160 0.8010
818 837 88 179 158 0.7849
819 839 88 177 155 0.7360
820 837 83 178 158 0.8149
821 836 80 177 159 0.7583
822 837 77 172 160 0.7234
823 834 72 178 161 0.7233
824 837 87 166 146 0.7415
825 835 78 168 149 0.7634
826 834 89 166 137 0.7672
827 831 77 167 148 0.8236
828 831 77 166 147 0.7811
829 830 70 166 152 0.7744
830 827 69 167 152 0.8012
831 824 68 168 151 0.8161
832 825 67 168 150 0.8137
833 823 71 168 146 0.8579
834 821 67 168 146 0.8448
835 821 66 167 148 0.8642
836 820 65 164 148 0.8580
837 820 64 161 145 0.8752
838 820 60 160 147 0.8567
839 820 60 157 143 0.8537
840 817 54 159 147 0.8075
841 818 52 157 147 0.6937
842 817 57 157 142 0.7151
843 816 53 155 144 0.7187
844 813 51 160 144 0.7528
845 814 55 158 140 0.7519
846 814 54 154 140 0.7343
847 815 54 152 137 0.7531
848 814 54 152 135 0.7441
849 813 52 153 136 0.7881
850 813 51 152 137 0.7861
851 812 52 151 136 0.7877
852 812 49 149 136 0.7753
853 812 47 147 135 0.7751
854 812 46 146 134 0.7759
855 811 43 146 134 0.7961
856 809 40 145 136 0.7057
857 807 40 147 136 0.5651
866 532 287 335 273 0.5358
867 566 294 306 271 0.5446
869 560 301 329 269 0.7659
870 533 302 361 271 0.5715
872 516 296 399 293 0.7587
873 524 294 400 299 0.8330
874 535 296 387 305 0.8212
875 556 302 366 304 0.7835
876 557 301 369 308 0.8254
877 564 307 364 311 0.8256
878 569 315 368 306 0.8224
879 575 316 374 306 0.8769
880 579 312 376 318 0.8500
881 583 314 376 318 0.8547
882 595 324 363 308 0.8329
883 604 335 354 308 0.8420
884 606 343 355 316 0.8938
885 608 347 356 319 0.8815
885 612 435 345 222 0.5362
886 609 346 363 324 0.8786
887 609 351 364 327 0.8062
888 613 362 364 321 0.8353
889 616 363 364 324 0.8648
890 618 364 361 324 0.8648
891 619 358 363 340 0.8787
892 617 360 366 352 0.8743
893 607 362 378 356 0.9070
894 615 383 374 343 0.9237
895 617 393 374 339 0.8611
896 618 399 376 346 0.9138
897 615 403 380 350 0.8680
898 616 404 373 358 0.9024
899 611 410 377 359 0.9261
900 599 408 396 372 0.9135
901 590 412 398 382 0.9033
902 589 428 407 376 0.8840
903 583 446 408 369 0.8537
904 579 444 404 378 0.9002
905 565 455 421 385 0.8246
906 570 463 414 380 0.9090
907 567 469 413 390 0.8168
908 554 486 421 388 0.8438
909 540 484 429 402 0.6744
910 532 502 434 401 0.8507
911 519 524 443 397 0.8754
912 518 530 437 394 0.9123
913 511 534 436 418 0.8130
914 490 552 445 416 0.8775
915 481 561 452 418 0.8690
916 463 562 466 424 0.7972
917 463 583 461 433 0.8423
918 444 591 479 444 0.7877
918 456 706 456 322 0.5316
919 432 618 480 436 0.7725
920 405 621 495 446 0.8019
921 395 621 492 458 0.7493
1108 718 68 110 100 0.5255
1110 712 65 119 107 0.7848
1111 708 66 123 109 0.7198
1112 707 68 123 105 0.7000
1113 706 67 126 109 0.7191
1114 704 70 127 107 0.7886
1115 702 71 129 106 0.8226
1116 700 73 132 107 0.8001
1117 700 74 133 108 0.7934
1118 700 76 132 108 0.7575
1119 700 76 132 110 0.7809
1120 700 76 133 113 0.8073
1121 699 77 134 114 0.8191
1122 701 78 134 113 0.8418
1123 701 80 135 113 0.8527
1124 699 81 137 114 0.8579
1125 700 81 137 114 0.8574
1126 700 83 137 117 0.8625
1127 698 83 140 120 0.8825
1128 697 83 141 121 0.8868
1129 699 85 142 125 0.8817
1130 699 95 144 122 0.8608
1131 700 94 144 121 0.8594
1132 700 97 145 120 0.8275
1133 699 98 144 127 0.8224
1134 697 99 146 130 0.8214
1135 696 102 148 131 0.8287
1136 697 101 149 131 0.8216
1137 696 102 149 131 0.8128
1138 694 104 152 132 0.7842
1139 693 104 153 136 0.7950
1140 692 111 154 131 0.7959
1141 689 115 157 130 0.7882
1142 687 119 159 128 0.8056
1143 686 122 159 131 0.8187
1144 686 120 160 138 0.7925
1145 684 124 162 137 0.7890
1145 907 743 474 336 0.5051
1146 682 127 163 136 0.8168
1146 918 721 461 358 0.6711
1147 679 134 165 134 0.8452
1147 903 695 468 384 0.5089
1148 677 133 167 139 0.8462
1148 897 665 470 408 0.5440
1149 921 700 451 379 0.8911
1149 675 136 169 139 0.8523
1150 921 671 448 400 0.8856
1150 674 143 170 139 0.8499
1151 921 661 442 388 0.9550
1151 672 142 170 143 0.8191
1152 923 644 431 373 0.9340
1152 669 146 174 143 0.8012
1153 920 602 420 395 0.9545
1154 921 594 418 375 0.9092
1155 923 553 414 393 0.9576
1156 924 559 408 362 0.9264
1157 927 541 399 364 0.8783
1158 923 507 393 369 0.9176
1159 924 510 389 339 0.8826
1160 926 492 381 342 0.9231
1160 655 172 184 154 0.7786
1161 925 488 377 330 0.9448
1161 649 175 189 159 0.8038
1162 922 462 367 328 0.9180
1162 647 179 192 159 0.8065
1163 923 458 362 324 0.9237
1163 643 188 196 156 0.8472
1164 922 431 361 332 0.9359
1164 641 192 197 157 0.8536
1165 921 413 353 325 0.8830
1165 637 193 200 163 0.8223
1166 920 415 347 313 0.8844
1166 634 202 201 162 0.8415
1167 920 403 337 315 0.9158
1167 632 209 202 159 0.8554
1168 919 399 336 296 0.8646
1168 629 211 205 167 0.8157
1169 916 396 334 283 0.8534
1169 626 217 208 165 0.8175
1170 918 374 326 295 0.8848
1170 622 219 212 169 0.8565
1171 619 225 216 170 0.8555
1171 915 369 318 285 0.8547
1172 616 228 219 172 0.8906
1172 915 358 313 276 0.8741
1173 917 355 309 269 0.8626
1173 613 232 223 175 0.8587
1174 916 353 305 263 0.8629
1174 606 235 229 176 0.7983
1175 607 241 231 176 0.8349
1175 911 337 299 265 0.7572
1176 604 249 235 180 0.7723
1176 922 340 288 256 0.7163
1177 603 252 237 178 0.8719
1177 915 326 289 251 0.7942
1178 599 254 240 184 0.8565
1178 917 310 286 263 0.8326
1179 918 313 284 251 0.8239
1179 585 268 251 187 0.7186
1180 922 309 278 246 0.8306
1180 590 276 251 185 0.7442
1181 925 303 274 241 0.8334
1181 579 283 259 205 0.7740
1182 577 294 259 193 0.8382
1182 925 302 272 229 0.8135
1183 576 305 264 205 0.8964
1183 924 289 271 231 0.7843
1184 577 318 263 215 0.8449
1184 925 282 266 228 0.8354
1185 571 324 266 213 0.8348
1185 925 280 266 223 0.8093
1186 928 263 261 236 0.8211
1186 564 335 273 217 0.7686
1187 551 349 287 225 0.8269
1187 930 264 257 226 0.8221
1188 929 257 256 225 0.8626
1188 557 370 280 222 0.7711
1189 928 253 256 223 0.8630
1189 548 379 290 222 0.8165
1190 928 253 252 211 0.8277
1190 539 391 297 228 0.8239
1191 532 408 305 233 0.8298
1191 929 247 251 213 0.7252
1192 525 426 312 228 0.8415
1192 928 235 247 217 0.7599
1193 523 442 316 242 0.8622
1193 929 234 243 216 0.7413
1194 523 457 315 246 0.8994
1194 931 231 239 214 0.6667
1195 520 475 318 247 0.8739
1195 930 227 237 211 0.7092
1196 513 493 327 252 0.8410
1196 929 225 237 207 0.7702
1197 498 508 344 266 0.8489
1197 928 224 236 201 0.6022
1198 497 531 343 264 0.8173
1198 929 219 232 195 0.6204
1199 476 557 364 275 0.8369
1199 929 206 233 203 0.6552
1200 463 582 364 267 0.7961
1201 928 206 229 192 0.8411
1201 457 607 371 284 0.8208
1202 925 202 225 194 0.7698
1202 440 625 382 307 0.7283
1203 421 657 400 313 0.8338
1203 924 201 222 192 0.7393
1204 413 667 399 334 0.8152
1204 924 200 223 188 0.8099
1205 380 714 417 326 0.7362
1205 924 198 218 186 0.5693
1206 364 743 430 336 0.8283
1206 921 181 217 198 0.7929
1207 920 184 217 190 0.8943
1208 918 179 218 190 0.8885
1209 918 177 215 187 0.8842
1210 918 177 209 183 0.8359
1211 917 174 208 181 0.8593
1212 915 168 206 181 0.8644
1213 912 160 208 186 0.8632
1214 912 161 207 184 0.8544
1215 911 157 206 185 0.8551
1216 910 156 200 181 0.8612
1217 908 154 199 179 0.7913
1218 906 164 197 164 0.8064
1244 869 105 171 150 0.8349
1245 870 113 167 139 0.8498
1246 868 106 166 144 0.8434
1247 866 105 164 143 0.8470
1248 866 102 162 145 0.7276
1249 865 101 161 144 0.7451
1250 865 104 158 138 0.7931
1251 865 100 159 143 0.7634
1252 864 99 159 142 0.7569
1253 860 95 161 144 0.7709
1254 858 94 161 145 0.7858
1255 857 93 159 143 0.8014
1256 851 90 164 144 0.7883
1257 850 93 164 137 0.7694
1258 847 85 169 143 0.8033
1259 847 84 165 141 0.8289
1260 847 83 160 140 0.8594
1261 846 81 158 141 0.8519
1262 848 84 153 136 0.8554
1263 846 82 154 135 0.8619
1264 844 79 156 136 0.8478
1265 844 79 155 135 0.8830
1266 842 79 155 135 0.8759
1267 841 77 154 132 0.8006
1268 842 82 147 128 0.7649
1269 838 75 151 131 0.7754
1270 837 75 151 128 0.7784
1271 838 72 150 127 0.7561
1272 837 71 150 129 0.7915
1273 835 68 148 129 0.7763
1274 834 69 147 129 0.7642
1275 832 68 145 128 0.7471
1276 829 64 147 132 0.7591
1277 828 63 146 132 0.7812
1278 827 63 146 130 0.7945
1279 827 63 146 130 0.8193
1280 825 62 147 128 0.8173
1281 824 60 147 128 0.7908
1282 825 58 145 129 0.8295
1283 824 59 144 128 0.8203
1284 824 58 143 128 0.7759
1285 825 55 140 129 0.7249
1286 825 56 138 127 0.6573
1287 824 59 138 121 0.6066
1288 824 59 135 120 0.6196
1289 824 56 136 120 0.5537
1290 823 56 137 121 0.6569
1291 822 56 137 119 0.5997
1292 822 57 136 116 0.5238
1419 954 805 430 274 0.5447
1420 963 778 419 301 0.7757
1421 970 753 416 326 0.8951
1422 975 719 408 343 0.8730
1423 977 695 401 330 0.9445
1424 975 665 396 323 0.8925
1425 976 645 390 322 0.9214
1426 976 612 385 320 0.8697
1427 969 598 390 303 0.8944
1428 976 568 371 309 0.9197
1429 974 549 366 296 0.9302
1430 975 540 361 286 0.9199
1431 976 512 353 293 0.9042
1432 976 499 352 284 0.9115
1433 974 485 352 281 0.9157
1434 976 470 339 266 0.8911
1435 976 458 332 262 0.8878
1436 976 443 327 264 0.8873
1437 970 430 328 263 0.8454
1438 972 417 314 255 0.8815
1439 968 407 307 251 0.8729
1440 966 394 303 245 0.8197
1441 965 379 295 242 0.7553
1442 950 368 301 235 0.8603
1443 960 358 285 240 0.7708
1444 954 354 285 226 0.8881
1445 946 343 288 221 0.8061
1446 940 333 287 221 0.8448
1447 937 325 285 225 0.8007
1448 935 313 283 220 0.8488
1449 936 308 274 213 0.8518
1450 941 302 261 202 0.8614
1451 935 301 261 197 0.8477
1452 934 279 261 205 0.8944
1453 932 277 257 202 0.8367
1454 932 275 248 194 0.7956
1455 929 269 248 193 0.8382
1456 923 259 248 193 0.8764
1457 924 254 244 186 0.8873
1458 922 251 239 183 0.8547
1459 920 244 235 186 0.8705
1460 917 237 233 186 0.8390
1461 916 236 232 179 0.8712
1462 916 230 228 177 0.8563
1463 915 226 224 178 0.8519
1464 913 224 222 174 0.8581
1465 910 215 218 177 0.8113
1466 910 214 214 171 0.8068
1467 907 214 213 169 0.8129
1468 905 205 212 171 0.8027
1469 901 202 210 167 0.8369
1470 896 197 213 166 0.7705
1471 894 192 209 164 0.8301
1472 895 195 204 155 0.8578
1473 893 189 204 159 0.8661
1474 892 182 202 161 0.8743
1475 891 182 200 159 0.8933
1476 892 177 194 158 0.8570
1477 891 172 191 156 0.8820
1478 889 171 189 153 0.8476
1479 888 169 187 149 0.8656
1480 884 161 188 154 0.8132
1481 886 157 185 153 0.8591
1482 885 155 184 150 0.8702
1483 881 152 186 149 0.8224
1488 871 140 178 145 0.8596
1489 870 141 177 140 0.8714
1490 870 138 175 139 0.8658
1491 869 134 172 141 0.8711
1492 868 130 172 140 0.8760
1493 869 132 168 135 0.8580
1494 869 130 163 134 0.8707
1495 867 130 160 131 0.8377
1496 865 126 158 134 0.8249
1497 860 122 164 131 0.7673
1498 860 123 161 129 0.8058
1499 856 121 162 130 0.8239
1500 856 121 160 126 0.8092
1501 853 120 162 126 0.8359
1502 853 113 158 129 0.8241
1503 849 110 157 130 0.8140
1504 849 108 153 129 0.8378
1505 849 107 151 128 0.8654
1506 848 104 150 129 0.8371
1507 847 103 151 127 0.8224
1508 846 99 150 129 0.8019
1509 845 92 149 127 0.7946
1510 843 91 147 127 0.7982
1511 844 92 146 124 0.7895
1512 842 91 146 124 0.8061
1513 843 87 146 126 0.7689
1514 840 86 146 125 0.7961
1515 840 85 145 127 0.7993
1516 840 82 142 128 0.7953
1517 837 78 142 127 0.8053
1518 837 78 142 125 0.8082
1519 834 76 142 124 0.8195
1520 832 73 142 126 0.8223
1521 830 73 142 124 0.7730
1522 828 70 145 125 0.7078
1523 828 71 143 120 0.6616
1524 827 67 143 122 0.7724
1525 827 68 142 120 0.6692
1527 825 66 140 122 0.6898
1528 827 67 136 116 0.7135
1529 828 68 135 113 0.6527
1570 970 777 451 302 0.6450
1571 972 764 451 315 0.5204
1572 981 715 432 364 0.5331
1573 985 695 426 380 0.8194
1574 983 680 427 371 0.8201
1575 984 659 411 364 0.9342
1576 983 621 404 367 0.8933
1577 982 602 399 354 0.8317
1578 976 561 398 365 0.9438
1579 977 545 388 359 0.8799
1580 977 529 382 346 0.9513
1581 968 510 385 336 0.9063
1582 974 503 363 321 0.9292
1583 966 469 365 329 0.8861
1584 967 457 349 320 0.9051
1585 960 448 349 318 0.9103
1586 957 438 342 298 0.8297
1587 954 421 333 297 0.8667
1588 949 411 330 284 0.8521
1589 941 401 322 277 0.7938
1590 934 371 324 296 0.8828
1591 930 369 320 276 0.8920
1592 928 356 314 272 0.8814
1593 929 354 302 262 0.8914
1594 926 345 298 254 0.8911
1595 924 336 293 252 0.8468
1596 923 324 291 249 0.8349
1596 704 51 131 122 0.5001
1597 923 315 279 250 0.8327
1597 703 52 132 121 0.5218
1598 919 307 278 241 0.8615
1598 704 52 135 122 0.5818
1599 924 302 274 241 0.8443
1599 704 53 135 122 0.6286
1600 922 286 269 238 0.8635
1600 704 55 135 122 0.7118
1601 919 276 268 238 0.8162
1601 704 56 136 122 0.7392
1602 924 271 257 233 0.8208
1602 702 55 139 125 0.7231
1603 702 57 140 125 0.7782
1603 921 265 255 232 0.6767
1604 701 58 141 126 0.7921
1604 920 257 255 231 0.7474
1605 918 250 256 225 0.8352
1605 701 58 140 127 0.8266
1606 702 60 140 127 0.8412
1606 916 239 255 226 0.8283
1607 702 60 140 126 0.8336
1607 917 238 249 219 0.8032
1608 700 61 141 126 0.8329
1608 918 234 243 218 0.7619
1609 699 64 141 122 0.8137
1609 920 228 240 211 0.7191
1610 697 64 141 123 0.8234
1610 920 222 235 211 0.7740
1611 698 68 139 121 0.8440
1611 919 217 234 201 0.7418
1612 696 68 141 121 0.8348
1612 919 211 231 204 0.7330
1613 692 65 145 128 0.8672
1613 919 207 231 203 0.8209
1614 691 70 146 124 0.8327
1614 919 205 229 202 0.8307
1615 919 203 229 196 0.8460
1615 690 72 145 123 0.8264
1616 687 71 147 124 0.8117
1616 919 202 222 192 0.7980
1617 688 73 142 125 0.8302
1617 919 196 220 190 0.7923
1618 915 186 221 197 0.8885
1618 687 70 142 130 0.8401
1619 917 189 214 187 0.8518
1619 687 72 141 129 0.8491
1620 917 184 212 188 0.8659
1620 686 73 139 129 0.8373
1621 917 179 210 187 0.8935
1621 683 72 141 134 0.8411
1622 681 75 142 132 0.8569
1622 917 178 208 182 0.8513
1623 680 79 142 130 0.8706
1623 917 176 206 180 0.8576
1624 677 78 145 133 0.8891
1624 916 175 205 174 0.8521
1625 675 80 145 133 0.8877
1625 915 172 204 173 0.8480
1626 673 78 147 136 0.8784
1626 915 166 201 175 0.8605
1627 672 81 148 133 0.8931
1627 913 155 199 180 0.8798
1628 669 82 148 134 0.8923
1628 912 154 194 177 0.8893
1629 912 154 189 171 0.8991
1630 911 154 188 166 0.8536
1630 669 82 147 135 0.8176
1651 870 106 163 143 0.7854
1652 870 105 160 143 0.6942
1653 870 105 156 138 0.5814
1654 870 101 155 142 0.6789
1656 866 94 155 145 0.7233
1657 864 86 155 151 0.7822
1658 864 86 154 149 0.7833
1659 863 88 153 142 0.7975
1660 861 86 157 142 0.8139
1661 861 87 153 137 0.8200
1662 858 95 149 126 0.6786
1663 857 93 154 127 0.7504
1664 856 93 146 124 0.7192
1665 853 88 146 127 0.7226
1666 851 84 148 130 0.8023
1667 848 81 149 133 0.7252
1668 848 80 147 133 0.8249
1669 846 72 147 140 0.6989
1670 846 71 142 136 0.5142
1672 843 64 143 136 0.6257
1674 840 67 142 130 0.7322
1675 840 72 138 122 0.6271
1676 840 72 136 121 0.5999
1678 839 68 134 124 0.5040
1684 609 171 211 183 0.8339
1685 609 173 212 185 0.8643
1686 610 177 211 185 0.8690
1687 608 178 215 191 0.8681
1688 606 178 217 194 0.8917
1689 605 177 220 199 0.8732
1690 603 180 223 202 0.8672
1691 602 183 224 202 0.8442
1692 602 186 226 199 0.8451
1693 605 194 228 197 0.8382
1694 604 194 229 201 0.8107
1695 606 197 228 201 0.8445
1696 607 201 229 200 0.8518
1697 606 203 234 198 0.8984
1698 607 204 234 198 0.8685
1699 605 201 233 207 0.8479
1700 606 207 240 206 0.8180
1701 607 212 239 205 0.7853
1702 604 211 241 213 0.7518
1703 608 220 240 208 0.8209
1704 609 221 242 212 0.8071
1705 610 224 244 212 0.8421
1706 609 226 250 213 0.8262
1707 609 228 255 218 0.7989
1708 605 230 263 221 0.8037
1709 611 243 258 214 0.7915
1710 613 248 257 220 0.7665
1711 614 255 258 223 0.7733
1712 617 257 259 234 0.7452
1713 616 265 266 235 0.7532
1714 619 265 263 238 0.7512
1715 617 271 268 236 0.8108
1716 610 271 277 242 0.7964
1717 606 272 282 249 0.7939
1718 612 285 278 247 0.7367
1719 614 296 275 253 0.7097
1720 609 284 283 272 0.7643
1721 600 297 293 266 0.7915
1722 608 303 283 266 0.7912
1723 596 309 298 268 0.8000
1724 600 319 292 267 0.7372
1725 595 319 300 283 0.7581
1726 595 344 299 266 0.8001
1727 596 344 300 273 0.7961
1728 591 341 305 286 0.7920
1729 588 361 308 274 0.7428
1730 585 366 310 281 0.7778
1731 580 363 317 299 0.8284
1732 576 366 326 307 0.8629
1733 574 373 327 308 0.8770
1734 573 387 327 302 0.8593
1735 573 389 328 316 0.8893
1736 572 404 332 318 0.8684
1737 567 409 340 326 0.8657
1738 567 410 342 334 0.8658
1739 566 417 344 349 0.8262
1740 566 423 348 357 0.8377
1741 558 440 355 361 0.7677
1742 555 453 357 363 0.8295
1743 548 462 366 363 0.7895
1744 541 469 374 383 0.8122
1745 538 499 373 365 0.8129
1746 535 507 380 369 0.8449
1747 524 509 393 396 0.8332
1748 519 540 395 381 0.8883
1749 518 554 396 378 0.8559
1750 516 555 399 406 0.8161
1751 502 550 416 420 0.8458
1752 489 601 421 398 0.7389
1753 484 614 426 401 0.7914
1754 471 604 437 425 0.8152
1755 465 664 439 398 0.7912
1756 463 666 428 408 0.6556
1757 459 654 428 417 0.5909
1768 1110 649 453 404 0.5869
1771 1084 579 424 391 0.6263
1774 1045 532 414 376 0.6266
1775 1044 538 392 347 0.6408
1778 1014 551 378 277 0.6147
1779 1008 446 371 356 0.6623
1780 1000 445 365 337 0.5471
1782 973 394 372 345 0.7317
1786 968 497 330 183 0.5679
1797 932 277 296 288 0.5881
1800 932 247 294 283 0.5204
1802 937 242 285 269 0.6281
1803 933 236 288 265 0.6694
1808 944 219 266 248 0.6737
1809 947 222 260 239 0.7185
1810 950 212 253 247 0.5267
1822 967 181 234 223 0.5098
1826 984 170 243 223 0.5885
1827 987 157 249 234 0.6566
1828 995 156 255 232 0.6127
1830 1025 152 247 220 0.5462
1846 1284 104 260 208 0.8385
1847 1287 102 271 217 0.6134
1848 1287 100 294 218 0.5830
1901 695 60 125 108 0.5169
1902 695 61 124 107 0.5604
1903 697 61 123 108 0.6251
1904 697 60 124 109 0.5690
1906 698 60 125 112 0.7382
1907 699 61 126 112 0.8101
1908 699 62 128 112 0.8076
1909 700 62 128 111 0.8248
1910 701 63 128 109 0.8450
1911 700 66 128 109 0.8497
1912 701 68 129 108 0.8387
1913 701 70 128 108 0.8562
1914 700 71 129 108 0.8461
1915 699 72 130 109 0.8503
1916 699 74 132 107 0.8535
1917 699 75 132 107 0.8440
1918 697 75 133 109 0.8745
1919 697 76 133 110 0.8610
1920 697 76 133 111 0.8606
1921 697 77 134 112 0.8543
1922 693 77 137 113 0.8644
1923 692 78 138 114 0.8780
1924 693 79 139 115 0.8881
1925 693 81 137 114 0.8935
1926 693 82 138 114 0.8911
1927 692 84 139 114 0.8947
1928 691 85 139 115 0.9009
1929 691 86 140 117 0.9020
1930 690 89 141 117 0.8784
1931 688 90 144 117 0.8850
1932 687 95 145 115 0.8915
1933 686 95 145 116 0.9023
1934 684 96 146 118 0.8814
1935 688 96 140 123 0.8611
1936 687 97 139 124 0.8697
1937 687 97 140 125 0.8683
1938 684 98 142 126 0.8652
1939 682 100 143 125 0.8458
1940 681 101 145 130 0.8268
1941 678 102 146 131 0.8382
1942 676 103 148 132 0.8549
1943 676 105 147 132 0.8588
1944 674 112 148 127 0.8565
1945 672 114 149 128 0.8459
1946 671 118 150 127 0.8632
1969 608 175 190 152 0.8612
1970 607 182 190 149 0.8526
1971 607 184 192 154 0.8352
1972 605 188 194 157 0.8486
1973 604 192 197 156 0.8488
1974 600 195 198 155 0.8221
1975 598 197 200 157 0.8329
1976 595 204 203 156 0.8261
1977 596 203 206 168 0.8136
1978 593 203 209 172 0.8389
1979 592 210 213 170 0.8303
1980 587 215 215 169 0.8146
1981 587 221 220 169 0.8391
1982 587 224 221 174 0.8056
1983 584 226 223 176 0.7738
1984 584 227 225 178 0.8320
1985 583 234 226 177 0.8415
1986 582 238 229 178 0.8246
1987 581 245 230 176 0.7886
1988 579 251 232 179 0.7704
1989 576 257 238 174 0.7609
1990 574 258 239 184 0.7874
1991 568 264 245 181 0.8226
1992 566 268 248 189 0.8417
1993 564 271 250 193 0.8069
1994 559 281 253 198 0.8723
1995 556 287 255 204 0.8511
1996 543 295 271 218 0.7882
1997 550 306 263 207 0.8186
1998 536 320 279 219 0.7906
1999 530 330 285 224 0.8259
2000 524 346 291 218 0.8951
2001 521 357 293 227 0.8910
2002 521 367 293 225 0.8609
2003 517 374 298 233 0.8710
2004 517 384 299 236 0.8921
2005 514 400 300 236 0.8726
2006 508 410 306 244 0.8289
2007 509 425 306 242 0.8397
2008 502 444 312 241 0.8481
2009 496 459 318 242 0.8091
2010 490 473 326 248 0.8501
2011 483 494 332 250 0.8610
2012 479 502 339 269 0.8437
2013 476 518 341 274 0.8538
2014 469 535 347 285 0.8047
2015 466 548 356 297 0.8392
2016 456 568 365 304 0.8165
2017 445 580 376 323 0.8419
2018 436 619 381 312 0.8215
2019 419 638 398 329 0.8172
2020 410 661 395 335 0.7746
2021 385 684 420 341 0.7535
2022 370 710 425 348 0.8659
2023 351 744 428 335 0.7252
2024 321 757 447 322 0.6121
2046 1141 862 416 217 0.5409
2047 1128 822 424 257 0.6033
2048 1135 791 402 266 0.6470
2049 1131 750 407 329 0.7278
2050 1128 728 407 351 0.8876
2051 1119 716 405 330 0.8294
2052 1128 690 382 331 0.9078
2053 1125 670 374 316 0.8162
2054 1118 643 368 306 0.8034
2055 1111 614 368 312 0.8515
2056 1109 599 350 297 0.7777
2057 1089 565 363 306 0.8741
2058 1082 562 346 286 0.6862
2059 1076 540 346 289 0.7419
2060 1071 524 336 284 0.7948
2061 1068 512 329 270 0.8279
2062 1048 496 330 266 0.8268
2063 1033 473 326 266 0.7305
2064 1030 464 320 255 0.6827
2065 1025 453 312 255 0.7780
2066 1018 441 307 245 0.7845
2067 1006 425 297 244 0.5420
2068 998 415 297 242 0.7025
2069 985 406 297 239 0.8331
2070 978 393 296 234 0.8253
2071 981 382 283 225 0.7039
2072 981 368 271 234 0.6300
2073 976 363 266 229 0.6884
2074 973 359 263 218 0.5837
2079 962 310 243 201 0.7446
2080 961 303 241 199 0.8435
2081 962 300 234 192 0.5355
2082 959 286 231 198 0.7648
2083 957 281 231 192 0.7730
2084 957 275 232 193 0.7660
2085 957 264 225 191 0.7901
2086 958 259 225 191 0.8172
2087 956 258 222 185 0.8285
2088 959 252 217 182 0.8054
2089 960 249 214 181 0.7604
2090 960 241 214 180 0.7982
2091 959 236 213 180 0.7989
2092 960 235 207 175 0.7955
2093 961 230 205 172 0.8301
2094 960 225 202 171 0.8326
2095 961 221 200 171 0.8249
2096 960 219 198 169 0.8155
2097 962 214 193 167 0.8442
2098 961 204 193 171 0.8190
2099 963 206 187 163 0.8168
2100 965 204 183 163 0.8178
2101 964 201 181 159 0.7791
2102 963 201 180 151 0.7811
2103 955 193 186 155 0.6441
2104 955 185 184 158 0.7091
2105 953 182 181 159 0.7496
2106 948 181 181 156 0.6322
2107 949 180 178 152 0.5323
2108 947 178 179 149 0.7285
2112 943 157 174 151 0.6148
2113 942 159 170 142 0.6020
2117 931 156 162 130 0.6309
