214 1108 895 403 184 0.6511
215 1103 862 403 217 0.8777
216 1102 823 402 256 0.9038
217 1105 792 398 287 0.9119
218 1102 762 395 317 0.9174
219 1102 729 381 314 0.9225
220 1099 704 374 307 0.9291
221 1094 671 378 300 0.9378
222 1089 647 371 295 0.9308
223 1084 620 363 287 0.9377
224 1073 598 360 282 0.9391
225 1064 576 353 274 0.9316
226 1054 555 349 271 0.9356
227 1041 534 348 265 0.9350
228 1033 514 336 260 0.9356
229 1021 495 337 260 0.9335
230 1010 477 325 253 0.9454
231 999 463 324 248 0.9444
232 991 448 317 242 0.9341
233 983 434 311 236 0.9516
234 977 425 298 228 0.9484
235 964 408 298 227 0.9417
236 957 395 293 224 0.9439
237 951 383 286 220 0.9504
238 945 376 278 213 0.9430
239 940 362 273 213 0.9483
240 938 352 263 208 0.9578
241 935 340 259 208 0.9425
242 930 335 257 200 0.9365
243 927 327 250 196 0.9339
244 923 316 248 194 0.9342
245 919 308 247 193 0.9348
246 916 300 245 189 0.9301
247 916 292 236 186 0.9359
248 915 286 229 183 0.9427
249 912 281 227 180 0.9429
250 912 274 223 178 0.9304
251 911 270 216 174 0.9215
252 910 264 214 172 0.9214
253 906 259 214 167 0.9238
254 907 253 208 168 0.9237
255 903 247 207 165 0.9236
256 902 242 206 163 0.9219
257 901 238 202 160 0.9274
258 898 234 200 157 0.9327
259 897 230 197 156 0.9363
260 893 224 197 154 0.9330
261 890 220 197 152 0.9341
262 889 214 194 153 0.9163
263 885 209 194 150 0.9283
264 883 203 191 150 0.9364
265 880 200 189 145 0.9319
266 881 198 185 142 0.9376
267 878 194 185 141 0.9300
268 877 190 184 139 0.9210
269 877 185 182 139 0.9271
270 875 181 178 137 0.9252
271 873 178 177 137 0.9339
272 873 173 174 136 0.9409
273 872 170 173 135 0.9389
274 872 167 170 131 0.9383
275 871 165 168 129 0.9404
276 871 161 167 131 0.9331
277 869 159 167 130 0.9355
278 870 157 163 129 0.9358
279 869 155 163 127 0.9435
280 867 152 163 126 0.9406
281 866 148 161 126 0.9424
282 866 146 160 125 0.9408
283 866 144 157 124 0.9434
284 866 141 156 125 0.9428
285 865 140 154 121 0.9276
286 863 137 153 122 0.9257
287 862 135 152 120 0.9186
288 862 133 148 119 0.9301
289 861 132 147 118 0.9306
290 860 130 146 117 0.9359
291 860 128 144 118 0.9379
292 860 127 142 116 0.9334
293 859 123 141 118 0.9396
294 859 121 138 114 0.9450
295 859 119 137 114 0.9317
296 858 115 137 117 0.9264
297 859 114 133 114 0.9249
298 857 113 133 114 0.9309
299 856 109 132 115 0.9290
300 855 107 132 114 0.9235
301 852 103 132 116 0.9326
302 850 100 135 116 0.9437
303 849 99 134 116 0.9372
304 848 97 134 116 0.9359
305 846 94 135 117 0.9249
306 843 91 136 117 0.9287
307 843 91 134 115 0.9271
308 842 90 134 113 0.9215
309 841 88 134 113 0.9194
310 838 85 136 114 0.9130
311 836 82 137 115 0.9129
312 835 77 139 118 0.9142
313 835 78 137 115 0.9099
314 834 74 136 116 0.9140
315 833 72 136 115 0.9213
316 832 72 134 112 0.9206
317 831 72 133 110 0.9207
318 831 74 130 107 0.9305
319 831 74 127 105 0.9235
320 831 72 127 106 0.9323
321 831 71 128 107 0.9210
322 832 69 128 107 0.9082
323 831 66 128 107 0.9074
324 830 66 126 105 0.9103
325 830 66 125 104 0.9091
326 829 65 122 104 0.9102
327 828 63 124 106 0.9002
328 828 63 123 104 0.8925
329 827 64 121 102 0.8886
330 826 64 121 101 0.8764
331 825 65 121 99 0.8776
332 823 66 122 99 0.8787
333 822 65 124 99 0.8685
334 821 65 124 100 0.8395
335 821 65 124 99 0.8423
336 817 63 123 100 0.8617
337 816 63 126 100 0.8283
338 813 63 128 101 0.7574
395 686 67 121 103 0.7354
396 694 69 115 103 0.7067
397 694 64 118 104 0.5293
398 694 67 118 100 0.7787
399 692 62 120 103 0.7808
400 694 61 119 104 0.7497
401 694 62 120 104 0.7525
402 694 61 120 104 0.7678
403 694 61 121 104 0.7797
404 694 61 121 104 0.7875
405 694 60 121 105 0.7780
406 694 61 122 105 0.8411
407 693 60 123 106 0.8379
408 692 61 125 106 0.7988
409 691 62 126 105 0.8350
410 694 63 123 105 0.7931
411 695 63 122 104 0.7988
412 695 64 121 105 0.7891
413 693 63 123 105 0.8519
414 691 55 126 113 0.8694
415 693 54 125 113 0.8624
416 694 58 126 110 0.8673
417 694 63 126 106 0.8707
418 694 63 126 107 0.8928
418 1321 124 288 150 0.5828
419 694 62 127 109 0.8880
419 1321 121 282 154 0.6943
420 694 64 127 107 0.8884
420 1319 122 286 155 0.8727
421 694 63 127 109 0.9067
421 1320 120 278 158 0.8684
422 695 62 128 111 0.9083
422 1312 120 284 157 0.8864
423 1305 121 286 158 0.9158
423 695 63 127 110 0.9146
424 1302 122 285 158 0.9200
424 695 64 128 110 0.9183
425 694 65 129 111 0.9235
425 1297 123 285 159 0.9230
426 693 66 131 111 0.9240
426 1295 124 286 159 0.9240
427 1291 123 286 161 0.9248
427 692 68 133 110 0.9203
428 1288 125 287 159 0.9244
428 692 69 134 110 0.9231
429 1286 125 289 159 0.9239
429 690 68 136 111 0.9230
430 1284 125 291 161 0.9341
430 687 69 139 113 0.9244
431 1283 125 291 161 0.9369
431 687 70 139 113 0.9268
432 1283 125 291 161 0.9357
432 687 70 138 114 0.9217
433 1283 125 291 161 0.9364
433 684 71 141 116 0.9232
434 1283 125 291 161 0.9359
434 684 71 141 117 0.9213
435 1283 125 290 161 0.9365
435 683 72 141 118 0.9220
436 1283 126 290 161 0.9362
436 684 74 140 117 0.9225
437 1284 126 290 161 0.9359
437 683 72 140 119 0.9256
438 1283 126 290 161 0.9353
438 684 75 139 117 0.9238
439 1283 126 290 161 0.9358
439 682 76 140 117 0.9220
440 1283 126 290 161 0.9357
440 682 76 141 119 0.9268
441 1284 126 290 161 0.9322
441 682 79 139 117 0.9262
442 1284 126 290 161 0.9321
442 681 78 139 120 0.9283
443 1283 126 291 161 0.9351
443 681 79 139 119 0.9350
444 681 79 138 120 0.9360
444 1283 126 291 160 0.9346
445 681 80 139 122 0.9375
445 1283 126 291 161 0.9347
446 680 81 140 122 0.9372
446 1283 126 291 161 0.9350
447 677 82 142 123 0.9392
447 1283 126 291 160 0.9349
448 1283 125 290 160 0.9346
448 678 87 140 118 0.9235
449 1283 126 290 160 0.9357
449 678 88 139 119 0.9242
450 1283 126 290 160 0.9356
450 677 91 139 118 0.9268
451 1283 126 290 160 0.9358
451 677 95 138 115 0.9189
452 1283 125 290 160 0.9357
452 675 93 140 118 0.9192
453 1283 125 290 160 0.9355
453 674 97 139 116 0.9204
454 1283 125 290 160 0.9352
454 672 98 141 117 0.9233
455 1283 126 290 160 0.9358
455 672 100 140 117 0.9251
456 1283 125 290 160 0.9352
456 671 101 138 119 0.9229
457 1283 125 291 160 0.9348
457 670 103 138 119 0.9177
458 1283 125 291 161 0.9347
458 671 105 137 119 0.9194
459 1283 126 291 161 0.9340
459 670 108 137 119 0.9183
460 1283 126 291 161 0.9336
460 669 109 139 120 0.9175
461 1283 126 291 161 0.9339
462 1283 126 291 161 0.9345
463 1283 126 291 161 0.9344
464 1283 125 291 161 0.9347
465 1283 126 291 161 0.9346
465 680 55 132 112 0.7549
466 1283 126 291 161 0.9352
466 680 55 131 112 0.8337
467 1283 125 291 161 0.9345
467 680 55 131 113 0.8298
468 1283 125 290 161 0.9357
468 679 56 134 114 0.8182
469 1283 125 291 161 0.9363
469 678 59 135 113 0.7938
470 1283 125 290 161 0.9360
470 678 59 137 113 0.7462
471 1283 125 290 161 0.9372
471 679 62 136 109 0.7177
472 1283 125 290 161 0.9374
472 681 64 129 108 0.9080
473 1283 125 291 161 0.9375
473 681 65 130 108 0.9140
474 1283 125 290 161 0.9382
474 682 65 129 107 0.9177
475 1283 125 290 160 0.9373
475 684 67 129 105 0.9195
476 1283 125 290 161 0.9369
476 684 67 128 106 0.9218
477 1283 125 290 161 0.9373
477 684 68 129 107 0.9291
478 1283 125 290 161 0.9374
478 684 68 129 107 0.9282
479 1283 125 290 161 0.9367
479 683 69 131 107 0.9283
480 1283 125 289 161 0.9369
480 683 71 133 107 0.9253
481 1283 125 289 161 0.9376
481 683 72 132 107 0.9265
482 1283 125 289 161 0.9369
482 683 72 133 108 0.9329
483 1283 125 290 161 0.9369
483 684 72 133 110 0.9304
484 1283 125 290 161 0.9365
484 684 72 134 111 0.9179
485 1284 125 290 161 0.9367
485 683 72 136 113 0.9196
486 1284 126 289 161 0.9365
486 682 74 135 114 0.9243
487 1284 125 289 161 0.9368
487 682 75 135 114 0.9276
488 1284 125 289 162 0.9370
488 683 75 136 115 0.9298
489 1283 125 290 162 0.9381
489 682 77 136 115 0.9333
490 1283 125 290 162 0.9377
490 680 77 136 117 0.9375
490 642 171 178 144 0.9356
491 640 173 180 148 0.9437
491 680 79 138 116 0.9386
491 1283 125 290 162 0.9377
492 639 175 181 149 0.9476
492 1283 125 290 161 0.9385
492 680 79 137 117 0.9382
493 637 177 183 150 0.9464
493 679 81 139 116 0.9393
493 1283 125 290 161 0.9386
494 679 80 138 119 0.9403
494 636 180 185 151 0.9393
494 1283 125 290 161 0.9386
495 1283 125 290 161 0.9389
495 679 83 138 119 0.9348
495 635 183 186 152 0.9305
496 1283 125 289 161 0.9385
496 678 84 139 121 0.9335
496 634 186 188 154 0.9213
497 1283 125 289 161 0.9385
497 677 86 139 121 0.9308
497 633 189 190 157 0.9205
498 1283 125 289 161 0.9388
498 677 86 138 123 0.9294
498 631 190 193 161 0.9261
499 1283 125 289 161 0.9388
499 677 90 136 124 0.9318
499 630 196 193 158 0.9276
500 1283 126 289 161 0.9390
500 631 200 192 159 0.9345
500 676 91 137 125 0.9322
501 1283 125 289 161 0.9388
501 629 202 195 160 0.9306
501 673 93 140 125 0.9268
502 1283 126 290 161 0.9387
502 672 95 139 124 0.9264
502 628 206 196 164 0.9250
503 1283 125 290 161 0.9383
503 626 208 198 166 0.9253
503 672 95 140 127 0.9233
504 1283 125 290 162 0.9375
504 625 211 201 166 0.9256
504 671 100 140 124 0.9221
505 1284 126 290 160 0.9358
505 623 215 204 166 0.9216
505 670 103 137 122 0.9214
506 1284 126 290 160 0.9356
506 622 221 203 166 0.9262
506 669 105 138 123 0.9201
507 1284 126 290 160 0.9356
507 623 222 205 169 0.9281
508 1283 126 290 160 0.9363
508 621 227 207 168 0.9247
509 1283 126 290 160 0.9361
509 619 228 210 172 0.9310
510 618 230 213 175 0.9370
510 1283 126 290 160 0.9365
511 616 232 217 178 0.9399
511 1283 125 291 161 0.9365
512 617 235 217 178 0.9390
512 1283 125 291 161 0.9360
513 1283 126 290 160 0.9366
513 616 241 219 178 0.9338
514 1282 126 291 160 0.9370
514 615 248 221 175 0.9327
515 1283 124 291 161 0.9374
515 614 252 225 177 0.9311
516 1283 125 290 160 0.9378
516 613 254 226 182 0.9304
517 1283 125 290 160 0.9376
517 610 257 228 190 0.9333
518 609 259 233 195 0.9404
518 1283 125 290 160 0.9375
519 605 264 237 198 0.9500
519 1283 125 290 160 0.9377
520 604 269 238 200 0.9477
520 1283 124 289 161 0.9383
521 1283 124 289 161 0.9387
521 602 277 241 201 0.9300
522 1283 125 290 160 0.9386
522 601 283 242 202 0.9305
523 596 285 249 208 0.9395
523 1282 125 291 160 0.9382
524 594 293 254 210 0.9480
524 1282 125 291 160 0.9374
525 592 301 256 212 0.9578
525 1281 125 291 160 0.9344
526 589 308 258 217 0.9457
526 1280 126 290 160 0.9308
527 590 314 257 221 0.9298
527 1279 126 291 160 0.9266
528 586 322 261 224 0.9339
528 1278 126 290 160 0.9233
529 584 330 265 227 0.9425
529 1277 126 291 160 0.9197
530 580 338 271 231 0.9500
530 1277 128 283 159 0.9250
531 577 349 274 231 0.9384
531 1273 127 283 161 0.9193
532 574 356 277 233 0.9274
532 1267 127 288 160 0.9190
533 571 367 281 237 0.9358
533 1246 128 309 160 0.9098
534 568 374 285 241 0.9432
534 1255 130 288 157 0.9143
535 564 385 291 245 0.9303
536 561 397 294 244 0.9208
537 643 175 180 150 0.9390
537 554 406 302 252 0.9263
538 642 177 181 152 0.9430
538 548 419 307 251 0.9296
539 643 180 183 155 0.9355
539 543 427 315 259 0.9226
540 641 182 186 158 0.9353
540 540 443 316 257 0.9276
541 641 186 190 161 0.9333
541 536 453 317 262 0.9269
542 640 187 193 164 0.9339
542 531 468 322 266 0.9313
543 641 192 193 163 0.9361
543 527 479 324 267 0.9339
544 641 195 195 166 0.9320
544 518 493 331 274 0.9313
545 640 200 196 167 0.9328
545 511 505 336 284 0.9288
546 505 520 338 289 0.9359
546 641 204 198 168 0.9318
547 640 206 200 170 0.9391
547 493 541 345 294 0.9193
548 640 209 203 171 0.9371
548 483 554 348 301 0.9164
549 639 212 204 174 0.9420
549 468 571 356 308 0.9272
550 637 214 204 176 0.9366
550 457 595 362 306 0.9254
551 638 222 204 174 0.9388
551 445 610 370 319 0.9108
552 637 225 206 175 0.9417
552 435 632 368 324 0.9208
553 636 227 210 178 0.9424
553 418 653 381 333 0.9203
554 636 230 213 181 0.9245
554 399 677 389 337 0.9116
555 636 231 214 185 0.9290
555 380 700 398 340 0.8986
556 635 234 216 189 0.9444
556 356 716 418 358 0.8981
557 632 240 221 188 0.9289
557 331 742 428 337 0.8758
558 1004 157 257 153 0.9327
558 631 244 225 192 0.9261
558 304 768 445 311 0.8399
559 989 160 256 152 0.9357
559 629 250 228 194 0.9235
559 282 801 443 278 0.6066
560 971 160 254 153 0.9265
560 627 252 232 201 0.9260
561 625 256 235 206 0.9314
561 951 160 258 154 0.9076
562 623 263 238 208 0.9317
562 934 164 252 151 0.9189
563 622 271 241 208 0.9301
563 921 167 246 151 0.9168
564 618 280 244 209 0.9312
564 907 167 240 153 0.9137
565 617 287 248 213 0.9311
565 889 171 240 154 0.9285
566 616 299 251 211 0.9388
566 875 168 239 158 0.9190
567 615 306 252 216 0.9383
567 861 172 236 156 0.9257
568 613 314 256 219 0.9305
568 845 171 236 158 0.9212
569 609 323 261 222 0.9324
569 828 174 234 157 0.9215
570 608 332 264 226 0.9413
570 817 176 227 157 0.9287
571 604 345 269 227 0.9423
571 801 177 228 159 0.9188
572 602 357 272 225 0.9294
572 788 179 224 160 0.9266
573 595 365 281 230 0.9298
573 771 179 228 163 0.9192
574 591 375 283 235 0.9426
574 761 183 217 163 0.9185
575 586 385 291 238 0.9433
575 744 183 227 167 0.9270
576 581 396 296 242 0.9344
576 729 186 223 167 0.9217
577 574 411 303 242 0.9359
577 718 189 223 170 0.9271
578 568 423 308 244 0.9409
578 709 193 219 170 0.9264
579 562 438 314 247 0.9402
579 697 198 220 168 0.9288
580 688 200 214 169 0.9323
580 557 449 317 251 0.9295
581 550 462 320 256 0.9398
581 680 201 215 174 0.9331
582 669 203 215 174 0.9317
582 541 473 326 265 0.9310
583 533 492 334 266 0.9386
583 660 207 213 175 0.9200
584 520 506 341 271 0.9267
584 653 210 213 177 0.9242
585 510 522 348 278 0.9385
585 642 211 217 180 0.9265
586 637 215 216 179 0.9377
586 501 540 350 286 0.9272
587 488 556 354 294 0.9321
587 631 219 216 181 0.9209
588 626 222 217 179 0.9354
588 474 575 363 298 0.9339
589 617 225 220 183 0.9357
589 462 597 365 306 0.9178
590 614 229 221 183 0.9395
590 444 616 374 313 0.9173
591 610 231 222 184 0.9359
591 431 641 379 320 0.9262
592 607 234 224 186 0.9253
592 411 657 392 335 0.9194
593 602 238 228 188 0.9286
593 389 685 405 335 0.9227
594 599 243 228 190 0.9277
594 361 708 418 343 0.9122
595 594 246 232 193 0.9323
595 340 729 426 337 0.9015
596 591 248 235 200 0.9374
596 313 762 442 317 0.8993
597 588 251 237 204 0.9415
597 281 788 460 291 0.8616
598 586 258 241 205 0.9476
599 584 262 243 209 0.9344
600 582 269 244 213 0.9348
601 577 276 249 214 0.9312
602 572 281 254 219 0.9294
603 568 291 257 219 0.9329
604 565 299 260 221 0.9294
605 563 307 262 225 0.9296
606 559 314 267 229 0.9308
607 556 324 269 232 0.9440
608 549 332 275 236 0.9452
609 546 344 278 236 0.9350
610 540 353 283 237 0.9303
611 537 358 285 247 0.9354
612 530 369 292 247 0.9454
613 524 378 298 253 0.9448
614 516 391 306 252 0.9278
615 511 403 308 253 0.9320
616 504 414 315 259 0.9343
617 496 430 323 258 0.9298
618 492 443 326 263 0.9287
619 485 454 327 268 0.9353
620 478 466 334 272 0.9252
621 470 477 340 281 0.9377
622 462 496 342 285 0.9214
623 453 507 348 295 0.9236
624 445 524 354 301 0.9249
625 432 546 360 301 0.9240
626 422 562 365 312 0.9274
627 409 577 371 321 0.9190
628 402 601 369 320 0.9310
629 385 617 382 335 0.9195
630 366 643 392 335 0.9215
631 352 663 399 348 0.9298
632 333 686 414 355 0.9218
633 303 706 431 362 0.9015
634 287 733 437 346 0.8996
635 246 761 468 318 0.8744
697 917 888 521 191 0.5317
698 929 863 509 216 0.7223
699 923 838 521 241 0.7637
700 940 815 496 264 0.5489
701 947 794 489 285 0.7601
702 956 769 477 310 0.8166
703 959 754 474 325 0.8925
704 967 731 465 348 0.9000
705 973 711 457 368 0.8996
706 979 689 452 390 0.9141
707 983 676 445 403 0.9145
708 986 659 442 420 0.9176
709 988 640 440 439 0.9206
710 990 625 435 452 0.9241
711 990 601 433 452 0.9266
712 996 591 420 445 0.9228
713 992 575 420 432 0.9324
714 993 562 414 428 0.9254
715 991 545 410 417 0.9288
716 987 528 407 416 0.9259
717 984 517 405 405 0.9323
718 980 502 401 401 0.9263
719 978 490 399 399 0.9260
720 975 477 396 388 0.9375
721 971 466 392 383 0.9333
722 965 458 388 378 0.9307
723 961 451 385 364 0.9382
724 958 442 377 356 0.9302
725 952 432 373 355 0.9337
726 945 418 374 349 0.9305
727 940 411 373 341 0.9283
728 938 404 366 334 0.9360
729 928 393 373 334 0.9355
730 917 386 371 329 0.9284
731 913 373 366 331 0.9268
732 910 365 364 326 0.9292
733 911 357 357 319 0.9425
734 902 353 355 312 0.9368
735 903 345 349 307 0.9300
736 900 339 345 300 0.9333
737 899 332 335 298 0.9378
738 892 321 334 297 0.9383
739 888 316 331 291 0.9377
740 884 313 327 283 0.9264
741 881 304 324 285 0.9269
742 878 297 324 283 0.9291
743 878 290 313 281 0.9404
744 878 284 309 275 0.9397
745 877 280 303 270 0.9330
746 877 274 300 267 0.9351
747 875 268 296 263 0.9448
748 873 265 293 260 0.9404
749 872 261 289 255 0.9358
750 871 255 287 253 0.9304
751 870 252 283 251 0.9356
752 868 245 281 248 0.9263
753 868 243 276 245 0.9277
754 865 239 274 242 0.9217
755 864 235 269 240 0.9211
756 860 228 267 240 0.9316
757 860 226 264 236 0.9400
758 860 221 259 234 0.9462
759 856 220 259 232 0.9431
760 856 216 257 228 0.9367
761 851 214 256 225 0.9329
762 848 209 254 224 0.9372
763 847 204 252 224 0.9471
764 845 200 250 222 0.9510
765 843 199 247 219 0.9531
766 840 194 245 218 0.9417
767 839 191 240 214 0.9317
768 837 189 239 211 0.9282
769 835 186 239 211 0.9304
770 835 184 236 209 0.9328
771 836 184 229 205 0.9329
772 835 182 228 202 0.9330
773 835 179 226 201 0.9326
774 834 175 225 200 0.9333
775 834 172 223 199 0.9379
776 832 170 222 196 0.9287
777 834 167 220 195 0.9267
778 834 167 218 193 0.9247
779 835 163 216 194 0.9297
780 835 161 213 191 0.9331
781 836 159 212 189 0.9309
782 836 156 210 188 0.9361
783 838 154 209 186 0.9316
784 838 150 209 185 0.9313
785 840 148 204 182 0.9258
786 840 146 203 181 0.9293
787 840 145 201 178 0.9288
788 841 142 201 176 0.9371
789 842 141 196 174 0.9321
790 841 137 196 177 0.9325
791 840 133 195 177 0.9327
792 841 131 193 174 0.9304
793 842 132 191 171 0.9267
794 843 129 187 171 0.9267
795 842 129 186 166 0.9161
796 842 127 185 166 0.9331
797 842 126 184 164 0.9339
798 842 124 183 163 0.9298
799 842 121 182 166 0.9317
800 843 120 181 163 0.9333
801 843 119 180 161 0.9261
802 844 117 178 161 0.9268
803 844 115 177 160 0.9239
804 846 115 174 157 0.9301
805 847 112 172 157 0.9327
806 847 109 171 157 0.9332
807 847 108 172 153 0.9308
808 847 106 171 154 0.9265
809 848 105 170 151 0.9236
810 848 104 169 149 0.9217
811 849 103 166 150 0.9189
812 848 100 166 151 0.9298
813 847 99 166 151 0.9329
814 847 98 166 150 0.9327
815 847 97 164 148 0.9271
816 847 95 163 146 0.9321
817 847 96 162 142 0.9264
818 846 95 161 142 0.9290
819 844 93 164 141 0.9239
820 841 90 167 142 0.9259
821 841 88 165 142 0.9234
822 839 87 166 141 0.9279
823 839 87 165 141 0.9206
824 838 87 161 138 0.9182
825 837 85 160 138 0.9206
826 834 83 163 139 0.9144
827 833 80 163 140 0.9186
828 831 78 163 141 0.9206
829 830 76 163 142 0.9252
830 828 74 164 141 0.9268
831 826 72 164 141 0.9319
832 823 71 166 140 0.9400
833 822 73 165 137 0.9340
834 821 68 166 141 0.9436
835 820 66 166 143 0.9417
836 818 64 166 143 0.9368
837 818 61 163 145 0.9431
838 817 60 164 146 0.9452
839 817 59 162 146 0.9404
840 816 57 161 149 0.9419
841 813 54 161 150 0.9399
842 813 52 161 151 0.9359
843 811 51 161 150 0.9323
844 810 50 161 150 0.9289
844 7 238 528 245 0.7884
845 810 51 160 147 0.9238
845 7 239 555 246 0.8663
846 808 49 159 147 0.9252
846 37 239 530 247 0.8845
847 807 46 159 148 0.9376
847 55 238 522 249 0.9033
848 807 44 159 149 0.9399
848 63 240 538 247 0.9018
849 806 43 159 149 0.9419
849 88 241 527 249 0.9047
850 806 42 158 149 0.9414
850 111 241 516 250 0.9135
851 806 42 156 147 0.9386
851 130 244 509 248 0.9075
852 807 41 154 146 0.9445
852 147 246 516 251 0.9135
853 807 39 153 146 0.9337
853 171 244 504 256 0.9110
854 806 39 152 145 0.9365
854 204 246 487 257 0.9215
855 805 38 152 144 0.9407
855 222 244 488 264 0.9218
856 805 37 151 143 0.9346
856 239 249 485 263 0.9222
857 805 37 151 142 0.9325
857 254 250 477 265 0.9242
858 804 37 151 143 0.9291
858 273 250 481 265 0.9200
859 803 37 150 141 0.9273
859 293 251 468 266 0.9207
860 803 38 147 139 0.9269
860 317 258 460 261 0.9249
861 802 38 147 138 0.9282
861 337 257 459 269 0.9217
862 801 38 147 137 0.9286
862 348 263 462 269 0.9148
863 800 37 147 137 0.9224
863 367 264 453 270 0.9151
864 383 267 455 270 0.9190
864 799 37 147 136 0.9178
865 404 269 443 271 0.9223
865 799 37 146 134 0.9192
866 420 270 438 272 0.9265
866 798 36 145 135 0.9211
867 438 277 430 269 0.9301
867 798 35 143 136 0.9200
868 452 277 423 276 0.9348
868 797 36 144 134 0.9233
869 470 279 413 280 0.9316
869 795 36 143 133 0.9271
870 483 280 407 284 0.9362
870 794 37 143 132 0.9290
871 496 283 402 283 0.9318
871 793 37 142 131 0.9262
872 510 285 394 287 0.9324
872 792 36 143 131 0.9220
873 518 286 393 291 0.9262
873 788 36 145 132 0.9175
874 525 289 388 292 0.9255
874 787 35 145 131 0.9151
875 538 292 378 293 0.9211
875 787 34 144 131 0.9116
876 544 293 373 294 0.9182
876 786 35 142 130 0.9118
877 553 297 369 295 0.9242
877 786 37 139 128 0.9107
878 561 300 365 296 0.9260
878 786 37 139 127 0.9138
879 572 302 357 303 0.9371
879 785 37 139 126 0.9161
880 577 305 355 304 0.9320
880 784 37 140 126 0.9180
881 581 308 359 309 0.9293
881 783 37 139 126 0.9206
882 586 310 359 313 0.9297
882 782 37 139 126 0.9207
883 591 314 358 316 0.9301
883 782 38 140 125 0.9211
884 594 321 359 313 0.9306
884 781 38 139 125 0.9211
885 599 327 357 312 0.9312
885 780 38 139 125 0.9225
886 602 331 358 313 0.9277
886 780 39 138 124 0.9224
887 606 334 357 318 0.9317
887 778 40 137 123 0.9221
888 610 340 356 316 0.9268
888 778 39 137 123 0.9195
889 611 345 359 318 0.9299
889 775 40 138 123 0.9164
890 609 352 363 317 0.9289
890 774 42 136 120 0.9214
891 614 356 361 321 0.9323
891 771 43 137 119 0.9319
892 610 361 366 324 0.9319
892 770 43 136 118 0.9303
893 621 363 357 326 0.9287
893 769 43 135 117 0.9274
894 768 45 136 115 0.9248
894 617 370 364 329 0.9242
895 624 377 358 330 0.9276
895 767 45 134 115 0.9154
896 618 391 364 324 0.9214
896 766 45 134 115 0.9139
897 616 391 363 333 0.9271
897 764 47 135 114 0.9146
898 610 394 375 338 0.9315
898 763 47 135 112 0.9148
899 607 401 375 339 0.9330
899 761 47 136 112 0.9126
900 605 403 377 345 0.9298
900 761 48 135 112 0.9172
901 601 414 379 346 0.9337
901 762 48 133 111 0.9177
902 595 421 385 347 0.9340
902 761 48 133 111 0.9113
903 594 429 385 348 0.9234
903 761 48 132 111 0.9138
904 587 442 389 348 0.9275
904 760 49 131 110 0.9241
905 580 445 395 357 0.9361
905 760 50 131 109 0.9179
906 577 453 397 358 0.9419
906 759 51 132 107 0.9031
907 573 458 399 364 0.9317
907 759 52 131 106 0.8930
908 567 461 399 378 0.9247
908 759 53 130 105 0.8819
909 560 469 405 382 0.9262
909 760 54 127 104 0.8306
910 551 474 410 387 0.9310
910 759 55 127 104 0.7772
911 547 478 409 397 0.9337
911 760 56 126 101 0.5978
912 533 491 417 400 0.9286
913 523 501 424 405 0.9331
914 515 513 427 403 0.9350
915 504 522 429 414 0.9269
916 492 530 437 420 0.9212
917 481 547 445 419 0.9234
918 466 556 457 432 0.9245
919 456 568 460 432 0.9242
920 444 578 463 440 0.9211
921 431 593 465 444 0.9131
922 414 600 473 455 0.9246
923 399 617 486 451 0.9180
924 383 629 495 450 0.9041
925 363 638 508 441 0.9014
926 349 647 510 432 0.9020
927 328 667 525 412 0.8979
928 314 682 530 397 0.8916
928 747 64 114 94 0.5402
929 292 695 540 384 0.8664
929 746 65 114 93 0.6120
930 266 713 552 366 0.8231
930 745 64 114 94 0.6397
931 246 728 560 351 0.7053
931 745 64 114 94 0.6330
932 221 744 573 335 0.6278
932 745 64 113 93 0.5154
933 745 64 112 93 0.5018
936 745 64 111 94 0.5427
937 745 66 109 93 0.5005
938 746 67 108 92 0.6621
939 745 68 107 92 0.6598
940 744 69 107 92 0.6689
941 744 69 106 92 0.6446
942 743 69 105 91 0.6764
943 743 70 105 91 0.6232
944 742 71 105 91 0.6689
945 742 71 105 91 0.6899
946 742 71 104 91 0.7250
947 741 72 103 89 0.7366
948 740 73 101 88 0.7236
949 739 74 102 88 0.7859
950 737 75 103 88 0.7383
951 737 78 103 86 0.6776
952 737 80 102 84 0.5168
1089 695 73 115 97 0.6166
1090 700 72 114 96 0.5537
1091 705 72 113 96 0.7023
1092 708 67 114 99 0.8132
1093 711 66 114 99 0.8007
1094 712 72 113 96 0.7213
1095 715 72 112 96 0.7291
1096 715 72 111 95 0.7640
1097 715 72 111 94 0.7247
1098 717 69 111 97 0.8115
1099 717 69 111 96 0.8767
1100 718 67 111 97 0.8887
1101 717 66 112 98 0.8784
1102 717 64 113 100 0.8929
1103 717 63 114 101 0.8955
1104 717 63 114 101 0.8936
1105 717 63 114 101 0.8854
1106 717 63 114 101 0.8864
1107 716 63 116 101 0.9041
1108 714 64 118 102 0.9092
1109 712 64 121 104 0.7931
1110 707 63 125 108 0.9131
1111 705 64 127 109 0.9189
1112 706 64 127 111 0.9169
1113 705 63 127 112 0.9199
1114 705 64 128 113 0.9197
1115 704 66 128 112 0.9194
1116 703 67 130 112 0.9287
1117 702 68 131 114 0.9337
1118 702 69 132 114 0.9369
1119 701 71 134 115 0.9440
1120 700 71 134 116 0.9435
1121 700 72 135 119 0.9421
1122 701 73 135 119 0.9385
1123 701 74 136 120 0.9345
1124 701 75 136 121 0.9334
1125 701 77 137 122 0.9405
1126 700 77 139 124 0.9375
1127 700 78 139 124 0.9371
1128 700 80 139 124 0.9340
1129 701 82 138 125 0.9330
1130 700 87 141 129 0.9445
1131 700 87 141 130 0.9429
1132 700 90 142 129 0.9420
1133 698 91 144 131 0.9455
1134 697 93 145 132 0.9438
1135 696 97 146 131 0.9429
1136 696 101 146 130 0.9399
1137 696 104 144 131 0.9317
1138 697 108 144 130 0.9346
1139 696 109 146 131 0.9310
1140 696 112 147 129 0.9371
1141 694 112 149 135 0.9373
1142 692 115 151 135 0.9390
1143 690 118 153 134 0.9381
1144 687 119 155 136 0.9337
1145 684 123 160 136 0.9323
1146 682 125 160 138 0.9256
1147 681 129 160 137 0.9216
1147 905 745 455 334 0.8776
1148 680 133 162 138 0.9194
1148 908 721 447 358 0.9038
1149 677 136 163 138 0.9252
1149 909 702 444 377 0.9137
1150 674 139 168 138 0.9325
1150 913 675 437 386 0.9267
1151 670 144 170 140 0.9365
1151 914 654 430 376 0.9156
1152 669 146 170 139 0.9369
1152 915 634 424 374 0.9275
1153 913 610 420 366 0.9178
1154 917 596 410 358 0.9247
1155 916 577 412 351 0.9282
1156 920 558 398 349 0.9330
1157 920 543 393 339 0.9216
1158 925 528 386 336 0.9418
1159 923 513 383 329 0.9303
1160 924 500 376 319 0.9329
1160 653 172 183 151 0.9305
1161 923 485 368 319 0.9271
1161 652 176 185 151 0.9243
1162 651 180 184 156 0.9339
1162 915 469 371 315 0.9308
1163 647 184 187 155 0.9350
1163 915 459 365 306 0.9260
1164 644 188 190 160 0.9293
1164 912 445 361 306 0.9240
1165 641 193 193 160 0.9304
1165 911 431 360 302 0.9261
1166 905 420 359 295 0.9379
1166 641 199 191 162 0.9319
1167 906 411 350 291 0.9325
1167 638 207 194 159 0.9278
1168 907 398 347 292 0.9309
1168 634 209 198 164 0.9261
1169 906 388 342 284 0.9333
1169 629 213 202 165 0.9271
1170 908 376 333 283 0.9382
1170 628 218 204 169 0.9222
1171 908 367 325 279 0.9348
1171 625 221 205 170 0.9194
1172 909 361 319 273 0.9393
1172 622 226 209 172 0.9255
1173 910 350 314 273 0.9315
1173 620 229 208 178 0.9287
1174 910 343 308 267 0.9352
1174 617 236 214 175 0.9255
1175 911 335 306 264 0.9376
1175 614 239 219 179 0.9281
1176 610 243 224 182 0.9310
1176 913 328 301 259 0.9271
1177 606 249 230 185 0.9263
1177 915 321 293 257 0.9240
1178 915 314 288 251 0.9378
1178 601 252 235 192 0.9375
1179 596 257 242 199 0.9481
1179 917 307 286 251 0.9326
1180 593 266 247 200 0.9518
1180 916 301 284 246 0.9310
1181 590 275 250 204 0.9344
1181 919 296 279 240 0.9283
1182 923 291 273 233 0.9406
1182 585 284 255 203 0.9307
1183 579 290 261 212 0.9377
1183 920 283 272 236 0.9348
1184 576 302 265 213 0.9570
1184 923 276 266 232 0.9352
1185 575 310 264 221 0.9350
1185 925 272 261 231 0.9346
1186 924 265 259 229 0.9369
1186 567 326 274 218 0.9318
1187 928 260 251 225 0.9358
1187 563 336 278 224 0.9342
1188 559 351 281 226 0.9304
1188 929 254 247 225 0.9244
1189 555 359 286 230 0.9255
1189 930 251 244 224 0.9254
1190 546 374 296 235 0.9349
1190 929 247 242 220 0.9294
1191 544 386 300 242 0.9271
1191 929 242 241 217 0.9265
1192 536 404 308 239 0.9287
1192 930 238 237 215 0.9276
1193 528 421 314 240 0.9395
1193 932 234 234 215 0.9304
1194 526 434 320 250 0.9359
1194 932 230 233 213 0.9317
1195 520 450 326 253 0.9344
1195 931 228 231 209 0.9341
1196 515 471 330 252 0.9345
1196 932 222 229 209 0.9267
1197 931 219 225 207 0.9279
1197 512 483 331 266 0.9270
1198 931 216 224 204 0.9273
1198 502 502 344 272 0.9272
1199 930 212 224 201 0.9280
1199 498 523 347 280 0.9279
1200 930 210 221 199 0.9281
1200 483 547 360 284 0.9237
1201 929 207 219 196 0.9264
1201 473 572 364 283 0.9248
1202 928 205 217 194 0.9256
1202 460 598 373 292 0.9143
1203 926 200 215 194 0.9240
1203 448 619 378 302 0.9224
1204 926 198 214 191 0.9244
1204 434 649 385 308 0.9155
1205 926 195 213 188 0.9275
1205 413 672 398 324 0.9148
1206 926 192 208 187 0.9318
1206 396 700 405 325 0.9221
1207 926 191 205 182 0.9302
1207 369 726 430 340 0.9052
1208 923 187 206 181 0.9217
1208 333 762 449 317 0.7993
1209 922 182 204 179 0.9207
1209 305 800 460 279 0.5782
1210 922 180 203 177 0.9208
1211 919 178 202 175 0.9258
1212 919 174 199 175 0.9240
1213 918 171 197 172 0.9197
1214 917 169 196 171 0.9212
1215 916 166 196 171 0.9213
1216 914 161 197 170 0.9236
1217 913 158 196 170 0.9273
1218 913 157 190 167 0.9252
1219 910 153 194 167 0.9251
1249 870 104 159 134 0.9382
1250 870 104 155 131 0.9326
1251 868 101 155 132 0.9312
1252 867 99 155 133 0.9359
1253 865 96 156 133 0.9354
1254 863 97 154 132 0.9321
1255 863 95 151 131 0.9332
1256 861 94 151 130 0.9326
1257 860 93 150 129 0.9283
1258 858 92 152 129 0.9323
1259 857 90 151 128 0.9293
1260 856 90 149 127 0.9238
1261 856 89 147 129 0.9250
1262 854 88 148 128 0.9339
1263 854 88 145 126 0.9338
1264 852 86 145 125 0.9369
1265 851 86 144 124 0.9364
1266 848 83 146 127 0.9464
1267 847 81 144 128 0.9430
1268 846 79 144 129 0.9424
1269 844 78 144 128 0.9387
1270 843 76 143 128 0.9396
1271 841 75 143 127 0.9406
1272 838 73 145 128 0.9414
1273 837 71 145 126 0.9403
1274 837 70 143 126 0.9341
1275 836 70 142 125 0.9325
1276 834 70 142 125 0.9318
1277 833 69 142 124 0.9366
1278 832 69 141 123 0.9372
1279 831 69 139 121 0.9315
1280 830 68 139 120 0.9364
1281 829 67 138 120 0.9366
1282 829 65 136 120 0.9296
1283 828 64 135 119 0.9291
1284 827 63 135 120 0.9281
1285 827 62 133 118 0.9245
1286 828 62 132 117 0.9253
1287 826 60 133 118 0.9261
1288 825 59 133 118 0.9249
1289 824 60 133 118 0.9280
1290 824 58 133 119 0.9294
1291 823 57 133 118 0.9294
1292 822 53 133 119 0.9235
1293 821 53 132 119 0.9171
1294 821 52 132 119 0.9172
1295 820 51 131 119 0.9191
1296 819 51 132 119 0.9163
1297 818 50 131 119 0.9233
1298 818 50 130 119 0.9164
1299 818 48 130 120 0.9197
1300 818 48 129 120 0.9172
1301 816 47 130 120 0.9133
1302 814 47 131 119 0.9130
1303 814 47 130 118 0.9148
1304 814 48 130 117 0.9160
1305 812 48 132 118 0.9180
1306 811 48 131 117 0.9177
1307 810 49 130 115 0.9150
1308 810 49 130 116 0.9182
1309 807 48 131 116 0.9207
1310 805 48 129 116 0.9231
1311 803 48 129 114 0.9215
1312 802 49 130 115 0.9193
1313 802 48 129 114 0.9166
1314 802 48 129 114 0.9164
1315 801 48 129 115 0.9146
1316 800 49 129 114 0.9121
1317 800 50 128 113 0.9108
1318 799 49 130 113 0.9124
1319 798 49 129 113 0.9115
1320 794 50 130 113 0.9147
1321 792 54 126 107 0.9163
1322 792 55 124 106 0.9149
1323 792 56 120 105 0.9119
1324 791 57 119 103 0.9083
1325 789 56 121 105 0.8986
1326 789 56 119 104 0.8932
1327 789 56 119 103 0.8953
1328 786 59 116 100 0.8803
1329 782 60 117 99 0.8472
1330 777 63 119 97 0.8634
1331 773 66 118 94 0.8481
1332 769 67 114 94 0.7591
1334 762 71 109 92 0.7390
1335 761 71 109 92 0.7835
1336 761 72 107 89 0.7293
1337 759 71 106 89 0.7209
1338 760 73 103 89 0.7348
1339 759 72 102 89 0.5046
1345 754 74 103 87 0.5648
1346 753 74 104 87 0.5957
1347 753 74 103 87 0.5057
1348 752 73 102 89 0.5009
1357 737 75 101 90 0.6134
1358 732 76 101 91 0.7141
1359 728 76 103 93 0.6553
1362 709 78 111 89 0.5245
1363 709 78 110 88 0.5203
1417 934 871 448 208 0.5248
1418 943 836 437 243 0.8363
1419 954 808 425 271 0.8881
1420 961 780 418 299 0.9095
1421 964 753 411 326 0.9055
1422 973 725 397 340 0.9242
1423 975 699 396 334 0.9222
1424 977 669 386 332 0.9329
1425 980 646 376 319 0.9379
1426 981 618 372 321 0.9422
1427 982 599 367 310 0.9299
1428 980 579 357 304 0.9402
1429 982 562 350 296 0.9343
1430 982 539 347 295 0.9403
1431 984 521 338 288 0.9409
1432 983 505 338 282 0.9265
1433 982 486 334 280 0.9362
1434 979 469 332 272 0.9327
1435 976 455 330 267 0.9329
1436 974 441 322 266 0.9399
1437 974 430 320 258 0.9428
1438 971 420 312 252 0.9492
1439 968 405 304 250 0.9371
1440 966 392 299 246 0.9382
1441 963 380 299 245 0.9439
1442 960 370 292 237 0.9413
1443 959 358 287 237 0.9306
1444 956 350 281 232 0.9412
1445 953 341 276 230 0.9478
1446 953 331 268 226 0.9491
1447 950 324 268 225 0.9486
1448 947 315 265 220 0.9351
1449 945 307 262 221 0.9480
1450 943 300 258 214 0.9554
1451 941 293 254 212 0.9469
1452 940 284 250 210 0.9370
1453 939 282 245 204 0.9350
1454 937 276 238 202 0.9339
1455 933 267 238 203 0.9380
1456 931 264 233 197 0.9295
1457 928 258 232 196 0.9238
1458 926 254 228 192 0.9234
1459 924 249 225 189 0.9250
1460 923 243 223 189 0.9266
1461 919 237 223 188 0.9364
1462 919 232 219 186 0.9377
1463 917 229 218 183 0.9367
1464 917 225 211 180 0.9249
1465 915 219 209 181 0.9247
1466 913 217 208 174 0.9297
1467 910 213 209 173 0.9297
1468 908 209 206 170 0.9259
1469 908 204 201 171 0.9226
1470 904 200 203 169 0.9281
1471 903 196 198 167 0.9252
1472 901 193 198 164 0.9270
1473 898 190 196 159 0.9325
1474 897 184 195 162 0.9282
1475 895 181 194 158 0.9301
1476 894 178 192 156 0.9311
1477 892 174 191 157 0.9272
1478 892 172 186 152 0.9307
1479 891 169 185 149 0.9310
1480 889 164 184 150 0.9264
1481 888 161 182 148 0.9355
1482 887 158 180 146 0.9369
1483 885 154 178 146 0.9351
1484 883 151 177 144 0.9332
1493 871 134 164 133 0.9354
1494 871 132 161 130 0.9326
1495 868 130 160 130 0.9439
1496 866 128 158 129 0.9427
1497 865 125 157 129 0.9357
1498 863 123 156 130 0.9256
1499 862 121 153 128 0.9255
1500 861 120 150 125 0.9198
1501 860 119 149 124 0.9214
1502 859 117 149 125 0.9167
1503 858 115 148 125 0.9205
1504 857 113 144 122 0.9287
1505 855 111 143 121 0.9355
1506 854 108 142 121 0.9486
1507 851 104 144 121 0.9477
1508 851 101 142 122 0.9437
1509 850 99 141 121 0.9406
1510 847 95 142 123 0.9300
1511 847 94 140 122 0.9339
1512 846 91 141 123 0.9431
1513 845 89 141 121 0.9362
1514 843 88 140 120 0.9345
1515 842 88 140 121 0.9293
1516 840 85 141 121 0.9246
1517 837 83 142 121 0.9262
1518 836 80 143 122 0.9335
1519 835 78 142 122 0.9293
1520 833 77 142 122 0.9288
1521 831 75 141 121 0.9261
1522 830 75 142 119 0.9240
1523 830 74 139 118 0.9241
1524 829 72 141 118 0.9245
1525 828 71 139 118 0.9369
1526 827 71 139 116 0.9229
1527 826 71 137 115 0.9214
1528 828 70 134 112 0.9226
1529 826 68 135 113 0.9196
1530 826 67 135 112 0.9146
1531 827 67 132 110 0.9174
1532 826 67 131 109 0.9124
1533 825 65 130 109 0.9173
1534 824 63 129 109 0.9152
1535 822 62 129 109 0.9094
1536 822 60 130 111 0.9084
1537 822 58 130 112 0.9007
1538 821 61 132 108 0.8949
1539 820 59 133 108 0.8756
1540 820 58 131 109 0.8914
1541 821 58 128 108 0.8889
1542 821 60 127 105 0.8413
1543 821 63 126 102 0.7435
1548 817 51 133 113 0.5860
1559 687 55 120 105 0.5130
1560 689 54 118 105 0.6419
1561 690 54 119 106 0.5018
1562 691 54 121 106 0.5428
1564 693 54 120 106 0.5268
1564 950 991 446 88 0.5005
1567 696 51 122 108 0.6267
1568 957 861 467 218 0.7399
1568 697 50 124 109 0.6225
1569 970 822 450 257 0.8897
1569 698 50 126 109 0.6262
1570 977 798 437 281 0.9102
1570 699 50 125 109 0.5595
1571 980 765 434 314 0.9005
1571 698 50 124 110 0.5845
1572 985 737 422 342 0.9138
1573 986 711 422 368 0.9100
1574 987 688 412 387 0.9307
1575 988 655 407 386 0.9196
1576 989 629 392 380 0.9330
1576 701 48 123 110 0.5204
1577 988 607 387 365 0.9351
1577 701 47 120 110 0.5884
1578 986 582 383 361 0.9395
1578 700 48 121 110 0.5827
1579 982 559 377 355 0.9354
1579 701 46 121 112 0.5112
1580 981 539 370 350 0.9380
1580 702 47 122 111 0.5615
1581 979 520 364 340 0.9337
1581 703 46 122 112 0.5956
1582 974 503 358 334 0.9363
1583 970 486 354 325 0.9336
1584 965 464 351 328 0.9248
1584 704 45 123 113 0.5219
1585 959 452 349 320 0.9304
1585 704 45 124 114 0.5800
1586 955 439 341 308 0.9291
1586 705 47 123 112 0.5834
1587 950 422 334 306 0.9384
1587 705 46 123 112 0.5909
1588 947 410 332 298 0.9301
1588 705 47 123 112 0.6212
1589 942 398 326 293 0.9249
1589 705 47 123 111 0.6017
1590 940 385 317 289 0.9309
1590 705 48 125 112 0.5841
1591 937 372 310 286 0.9464
1591 706 48 127 113 0.5683
1592 935 363 305 277 0.9378
1592 706 47 127 115 0.6034
1593 929 351 300 276 0.9385
1593 706 47 127 117 0.7250
1594 928 340 294 270 0.9415
1594 706 48 128 117 0.7994
1595 925 329 292 267 0.9373
1595 706 48 128 118 0.7940
1596 923 321 286 261 0.9436
1596 707 48 128 119 0.8159
1597 921 315 280 254 0.9410
1597 706 49 128 119 0.8169
1598 921 304 277 254 0.9316
1598 707 51 129 116 0.8409
1599 923 295 269 251 0.9229
1599 707 52 130 118 0.8846
1600 923 288 265 246 0.9294
1600 707 53 132 116 0.8870
1601 920 280 260 244 0.9278
1601 706 54 134 117 0.8911
1602 922 274 254 237 0.9413
1602 705 55 134 118 0.9046
1603 922 265 250 237 0.9330
1603 705 56 135 118 0.9111
1604 923 258 245 231 0.9258
1604 705 57 135 118 0.9133
1605 922 251 242 231 0.9227
1605 704 58 136 120 0.9139
1606 922 247 238 228 0.9306
1606 703 60 137 119 0.9200
1607 921 243 236 223 0.9368
1607 703 60 138 121 0.9193
1608 921 237 233 221 0.9368
1608 701 60 139 122 0.9220
1609 922 231 230 221 0.9333
1609 700 62 140 122 0.9211
1610 924 226 226 217 0.9289
1610 699 62 140 123 0.9264
1611 698 62 140 125 0.9316
1611 925 222 222 212 0.9296
1612 698 65 139 125 0.9297
1612 925 217 220 211 0.9294
1613 924 213 219 208 0.9348
1613 695 65 140 127 0.9320
1614 923 211 219 206 0.9391
1614 692 66 142 127 0.9322
1615 922 204 217 206 0.9367
1615 690 68 142 127 0.9238
1616 922 202 215 200 0.9312
1616 691 69 141 126 0.9245
1617 920 198 214 200 0.9303
1617 690 70 141 127 0.9268
1618 921 193 209 197 0.9276
1618 688 69 143 130 0.9233
1619 922 191 205 195 0.9266
1619 685 70 143 131 0.9249
1620 922 188 203 192 0.9281
1620 684 71 143 132 0.9276
1621 923 184 198 189 0.9268
1621 682 70 142 134 0.9246
1622 922 179 199 187 0.9280
1622 681 71 142 135 0.9229
1623 921 175 197 185 0.9484
1623 680 73 142 134 0.9277
1624 920 172 196 184 0.9486
1624 679 75 142 133 0.9296
1625 677 77 142 133 0.9246
1625 919 166 194 182 0.9241
1626 917 163 194 182 0.9381
1626 675 77 143 133 0.9289
1627 675 78 142 133 0.9305
1627 915 159 195 180 0.9238
1628 914 155 191 178 0.9370
1628 673 78 141 135 0.9343
1629 913 152 189 176 0.9352
1629 671 79 142 135 0.9330
1630 671 80 141 135 0.9356
1658 871 94 142 134 0.9200
1659 869 94 141 132 0.9281
1660 869 92 139 131 0.9161
1661 867 91 139 128 0.9076
1662 863 89 140 130 0.9215
1663 862 88 140 129 0.9219
1664 862 88 139 125 0.9088
1665 860 88 138 124 0.9009
1666 859 85 138 125 0.9104
1667 858 82 137 126 0.9142
1668 856 80 137 127 0.9141
1669 853 78 138 127 0.9171
1670 852 78 137 126 0.9094
1671 850 77 138 125 0.9067
1672 849 77 136 124 0.9041
1673 848 77 135 122 0.9120
1674 845 71 139 124 0.9210
1675 845 74 138 120 0.9241
1676 845 73 138 121 0.9187
1677 843 72 139 122 0.9185
1678 841 72 139 118 0.9092
1679 838 69 140 120 0.9019
1680 836 67 142 119 0.8999
1681 836 66 140 120 0.9001
1682 835 63 138 120 0.9244
1683 615 174 199 180 0.9383
1683 835 61 137 120 0.9194
1684 613 177 200 181 0.9359
1684 834 60 138 120 0.9123
1685 613 178 201 187 0.9280
1685 833 60 137 118 0.9092
1686 613 182 202 186 0.9267
1686 834 60 134 118 0.8988
1687 612 185 203 186 0.9254
1687 834 59 134 116 0.8084
1688 611 188 204 187 0.9240
1688 834 58 132 115 0.8219
1689 612 191 205 188 0.9261
1689 833 58 131 115 0.8702
1690 611 192 207 189 0.9245
1690 833 57 131 115 0.7671
1691 611 194 210 192 0.9241
1692 610 196 210 192 0.9281
1693 610 199 212 191 0.9310
1694 609 202 214 191 0.9310
1695 609 203 215 194 0.9326
1696 609 205 216 196 0.9343
1697 609 206 218 197 0.9369
1698 610 208 221 200 0.9407
1699 610 209 222 202 0.9415
1700 611 211 224 203 0.9474
1701 611 214 224 204 0.9465
1702 611 217 227 206 0.9343
1703 611 219 229 208 0.9317
1704 612 221 230 210 0.9301
1705 614 224 233 212 0.9304
1706 615 226 233 215 0.9301
1707 615 229 237 219 0.9327
1708 615 231 238 223 0.9309
1709 615 236 241 223 0.9309
1710 617 240 242 224 0.9308
1711 619 246 243 226 0.9300
1712 620 248 246 230 0.9234
1713 621 252 248 235 0.9233
1714 621 252 250 239 0.9255
1715 619 258 255 241 0.9323
1716 619 263 256 242 0.9383
1717 619 271 255 242 0.9350
1718 617 274 257 245 0.9283
1719 618 279 258 247 0.9119
1720 614 281 265 254 0.9230
1721 613 289 270 256 0.9242
1722 611 291 276 263 0.9253
1723 611 300 275 265 0.9293
1724 610 305 278 266 0.9297
1725 610 313 277 269 0.9230
1726 607 315 285 275 0.9264
1727 604 324 290 275 0.9283
1728 599 330 293 280 0.9300
1729 598 334 295 287 0.9322
1730 599 345 296 288 0.9233
1731 594 351 300 293 0.9249
1732 592 359 305 295 0.9268
1733 587 367 310 300 0.9227
1734 587 376 309 300 0.9247
1735 586 384 311 305 0.9223
1736 581 392 317 310 0.9220
1737 575 395 329 320 0.9292
1738 573 405 334 321 0.9226
1739 572 413 336 328 0.9249
1740 569 424 339 327 0.9316
1741 566 435 343 330 0.9316
1742 563 451 346 331 0.9241
1743 563 458 347 334 0.9252
1744 559 466 350 344 0.9265
1745 557 480 352 348 0.9180
1746 556 488 351 358 0.9230
1747 551 500 359 361 0.9293
1748 546 508 361 371 0.9227
1749 541 526 361 371 0.9283
1750 535 531 367 385 0.9328
1751 528 547 374 392 0.9319
1752 518 563 382 394 0.9308
1753 510 576 386 403 0.9240
1754 506 590 389 409 0.9284
1755 495 606 393 412 0.9213
1756 486 624 404 417 0.9216
1757 477 632 412 428 0.9270
1758 465 650 419 429 0.9154
1759 455 670 427 409 0.9051
1760 449 679 431 400 0.9018
1761 435 701 442 378 0.8648
1762 429 720 441 359 0.8601
1763 417 726 455 353 0.8688
1764 1150 656 471 423 0.8863
1764 386 749 478 330 0.7945
1765 1140 629 460 450 0.9082
1765 383 769 477 310 0.6564
1766 1124 613 462 451 0.9082
1767 1117 600 447 444 0.9248
1768 1115 584 435 435 0.9241
1769 1102 572 432 427 0.9028
1770 1087 540 435 436 0.9235
1771 1081 528 422 424 0.9252
1772 1067 505 416 426 0.9219
1773 1060 486 408 422 0.9241
1774 1048 479 401 411 0.9215
1775 1036 464 395 400 0.9242
1776 1029 447 386 402 0.9256
1777 1024 436 378 394 0.9258
1778 1011 421 382 392 0.9323
1779 1003 410 371 385 0.9156
1780 997 399 370 376 0.9186
1781 989 384 366 370 0.9355
1782 979 375 368 363 0.9301
1783 974 362 360 357 0.9103
1784 969 354 359 353 0.9192
1785 967 344 352 349 0.9195
1786 963 333 341 351 0.9225
1787 958 325 335 342 0.9247
1788 955 315 330 340 0.9303
1789 956 306 321 336 0.9291
1790 954 301 316 330 0.9274
1791 948 293 317 325 0.9218
1792 946 292 312 315 0.9193
1793 946 285 306 314 0.9199
1794 945 277 301 309 0.9199
1795 944 271 295 305 0.9199
1796 944 265 286 302 0.9208
1797 941 259 285 298 0.9237
1798 945 254 279 297 0.9212
1799 943 248 279 296 0.9235
1800 943 242 276 291 0.9189
1801 945 235 270 287 0.9197
1802 946 230 267 283 0.9222
1803 946 225 265 280 0.9252
1804 946 220 263 279 0.9270
1805 948 215 258 275 0.9279
1806 950 210 255 275 0.9312
1807 951 207 253 273 0.9278
1808 953 204 250 271 0.9241
1809 953 205 248 264 0.9290
1810 953 201 245 263 0.9275
1811 955 198 241 260 0.9271
1812 956 195 236 259 0.9280
1813 958 194 236 252 0.9290
1814 959 190 232 251 0.9262
1815 960 188 232 249 0.9298
1816 963 186 227 246 0.9310
1817 965 186 224 243 0.9313
1818 964 181 225 245 0.9338
1819 965 181 224 240 0.9358
1820 966 175 225 242 0.9363
1821 967 172 224 241 0.9351
1822 969 168 227 240 0.9331
1823 973 165 225 240 0.9309
1824 976 165 225 237 0.9290
1825 981 161 231 236 0.9287
1826 990 159 226 233 0.9309
1827 998 156 221 232 0.9193
1829 1016 149 227 232 0.9220
1830 1023 149 229 227 0.9205
1831 1033 146 228 227 0.9135
1832 1049 144 224 223 0.9084
1847 1313 116 229 196 0.7832
1848 1319 112 247 198 0.8763
1849 1330 110 260 195 0.8250
1850 1365 105 241 195 0.8010
1882 680 67 126 98 0.6375
1883 680 66 129 99 0.5560
1885 681 67 128 98 0.5107
1886 682 66 128 97 0.5762
1887 684 66 128 97 0.6784
1888 684 65 128 98 0.7361
1889 685 64 128 101 0.7946
1890 686 64 127 102 0.7775
1891 686 65 126 101 0.7270
1892 687 65 123 100 0.6506
1893 688 65 126 101 0.6041
1896 688 65 129 99 0.5797
1897 689 64 129 101 0.7172
1898 690 61 128 104 0.8431
1899 690 62 131 104 0.8729
1900 692 61 129 105 0.8789
1901 693 61 129 106 0.8824
1902 694 62 129 105 0.8801
1903 695 62 128 106 0.8793
1904 695 61 129 108 0.8910
1905 698 61 127 107 0.8994
1906 698 63 128 107 0.8996
1907 699 64 128 108 0.9042
1908 699 64 129 109 0.9070
1909 700 65 130 109 0.9099
1910 702 66 128 108 0.9113
1911 703 67 128 108 0.9160
1912 702 68 129 109 0.9193
1913 700 69 130 109 0.9264
1914 700 70 131 109 0.9296
1915 700 71 131 109 0.9324
1916 699 71 132 110 0.9315
1917 697 72 134 109 0.9384
1918 696 72 136 111 0.9415
1919 696 73 135 113 0.9284
1920 696 74 134 114 0.9267
1921 695 74 136 117 0.9255
1922 694 75 136 116 0.9286
1923 692 75 138 118 0.9267
1924 691 76 139 119 0.9233
1925 691 77 139 120 0.9203
1926 690 78 140 120 0.9148
1927 690 80 140 121 0.9144
1928 690 83 139 119 0.9179
1929 690 85 140 119 0.9210
1930 689 86 141 120 0.9217
1931 688 87 142 122 0.9168
1932 687 87 144 124 0.9298
1933 688 89 142 124 0.9233
1934 688 91 142 125 0.9227
1935 687 93 141 125 0.9153
1936 686 94 143 127 0.9161
1937 684 95 144 128 0.9151
1938 682 96 145 129 0.9215
1939 682 97 145 129 0.9156
1940 681 99 145 130 0.9128
1941 680 101 145 130 0.9128
1942 677 104 148 129 0.9284
1943 677 103 146 133 0.9188
1944 675 109 146 130 0.9259
1945 672 114 149 129 0.9315
1946 671 116 149 129 0.9317
1968 608 172 187 151 0.9276
1969 607 177 189 151 0.9273
1970 606 181 189 150 0.9207
1971 606 184 189 154 0.9325
1972 604 187 191 157 0.9325
1973 602 189 193 161 0.9291
1974 601 191 195 164 0.9278
1975 601 195 194 165 0.9293
1976 600 201 195 162 0.9324
1977 598 206 198 164 0.9311
1978 598 209 200 166 0.9358
1979 596 211 202 169 0.9278
1980 595 214 204 172 0.9250
1981 593 219 205 169 0.9211
1982 592 223 208 171 0.9224
1983 590 226 210 174 0.9264
1984 588 229 213 175 0.9267
1985 588 231 217 178 0.9265
1986 586 235 220 178 0.9298
1987 585 240 221 181 0.9280
1988 582 244 225 183 0.9258
1989 577 250 231 183 0.9224
1990 576 253 234 189 0.9181
1991 574 258 236 195 0.9208
1992 572 260 237 196 0.9229
1993 567 267 243 204 0.9282
1994 563 275 246 204 0.9251
1995 562 280 249 208 0.9303
1996 558 292 254 209 0.9359
1997 553 303 257 207 0.9424
1998 550 311 260 209 0.9435
1999 547 323 263 211 0.9254
2000 540 332 268 214 0.9341
2001 538 343 269 218 0.9430
2002 535 352 271 222 0.9473
2003 530 360 276 225 0.9236
2004 527 376 277 225 0.9315
2005 521 389 285 228 0.9351
2006 516 401 289 231 0.9372
2007 514 412 293 234 0.9245
2008 511 428 296 236 0.9277
2009 505 445 306 240 0.9209
2010 498 456 314 249 0.9280
2011 492 469 318 251 0.9273
2012 490 481 326 257 0.9287
2013 487 495 328 265 0.9308
2014 484 508 333 278 0.9179
2015 480 533 336 276 0.9339
2016 470 553 345 286 0.9356
2017 465 573 343 290 0.9298
2018 458 594 349 300 0.9133
2019 443 615 356 307 0.9181
2020 432 637 366 315 0.9209
2021 414 658 382 332 0.9207
2022 398 686 392 331 0.9139
2023 370 705 412 345 0.9063
2024 352 725 420 350 0.8844
2025 314 763 445 316 0.8293
2026 284 797 453 282 0.8326
2045 1143 888 409 191 0.6682
2046 1144 864 401 215 0.8169
2047 1141 830 398 249 0.6870
2048 1135 796 394 283 0.8695
2049 1134 768 398 311 0.9148
2050 1130 744 394 335 0.9023
2051 1131 719 381 323 0.9190
2052 1127 698 376 318 0.9358
2053 1123 668 367 318 0.9172
2054 1118 645 360 307 0.9201
2055 1114 622 355 303 0.9247
2056 1106 600 354 299 0.9202
2057 1093 581 357 296 0.9344
2058 1086 563 341 289 0.9290
2059 1077 543 340 286 0.9392
2060 1069 528 340 279 0.9292
2061 1062 511 331 275 0.9280
2062 1053 497 323 269 0.9266
2063 1043 477 314 264 0.9110
2064 1034 461 319 258 0.9288
2065 1028 450 301 254 0.9231
2066 1021 439 302 250 0.9365
2067 1013 427 298 245 0.9287
2068 1004 415 294 242 0.9364
2069 998 399 284 242 0.9290
2070 989 386 283 242 0.9486
2071 986 378 276 233 0.9468
2072 980 370 272 229 0.9360
2073 973 363 267 222 0.9324
2074 971 349 265 224 0.9269
2075 969 341 254 218 0.9369
2076 966 331 253 221 0.9361
2077 967 321 249 217 0.9303
2078 965 316 246 211 0.9268
2079 965 311 241 205 0.9399
2080 965 304 235 202 0.9315
2081 964 300 232 198 0.9267
2082 963 290 230 198 0.9276
2083 965 282 224 197 0.9216
2084 963 277 221 197 0.9335
2085 964 270 214 195 0.9234
2086 963 267 212 191 0.9146
2087 962 262 211 187 0.9145
2088 962 257 208 185 0.9237
2089 960 254 209 180 0.9305
2090 963 249 202 179 0.9252
2091 962 243 200 178 0.9161
2092 960 239 202 175 0.9320
2093 960 233 200 176 0.9306
2094 960 228 198 174 0.9279
2095 961 223 196 174 0.9201
2096 959 219 195 170 0.9367
2097 959 214 193 169 0.9295
2098 961 208 189 170 0.9260
2099 960 204 188 166 0.9291
2100 960 199 187 167 0.9293
2101 959 196 185 165 0.9356
2102 958 193 184 162 0.9309
2103 957 192 182 158 0.9307
2104 956 189 180 157 0.9308
2105 955 186 181 152 0.9214
2106 954 181 180 155 0.9221
2107 953 178 180 152 0.9219
2108 950 174 179 154 0.9274
2109 950 171 174 149 0.9303
2110 948 169 175 146 0.9238
2111 947 168 172 141 0.9244
2112 945 164 169 140 0.9242
2113 943 161 167 139 0.9279
2114 940 159 169 137 0.9259
2115 936 155 172 136 0.9246
2116 933 152 169 137 0.9256
2117 933 154 166 132 0.9172
