214, 242, 1108.0, 895.0, 705.0, 711.0, 0.6511, -1, -1, -1
215, 242, 1103.0, 862.0, 700.0, 645.0, 0.8777, -1, -1, -1
216, 242, 1102.0, 823.0, 700.0, 567.0, 0.9038, -1, -1, -1
217, 242, 1105.0, 792.0, 707.0, 505.0, 0.9119, -1, -1, -1
218, 242, 1102.0, 762.0, 707.0, 445.0, 0.9174, -1, -1, -1
219, 242, 1102.0, 729.0, 721.0, 415.0, 0.9225, -1, -1, -1
220, 242, 1099.0, 704.0, 725.0, 397.0, 0.9291, -1, -1, -1
221, 242, 1094.0, 671.0, 716.0, 371.0, 0.9378, -1, -1, -1
222, 242, 1089.0, 647.0, 718.0, 352.0, 0.9308, -1, -1, -1
223, 242, 1084.0, 620.0, 721.0, 333.0, 0.9377, -1, -1, -1
224, 242, 1073.0, 598.0, 713.0, 316.0, 0.9391, -1, -1, -1
225, 242, 1064.0, 576.0, 711.0, 302.0, 0.9316, -1, -1, -1
226, 242, 1054.0, 555.0, 705.0, 284.0, 0.9356, -1, -1, -1
227, 242, 1041.0, 534.0, 693.0, 269.0, 0.9350, -1, -1, -1
228, 242, 1033.0, 514.0, 697.0, 254.0, 0.9356, -1, -1, -1
229, 242, 1021.0, 495.0, 684.0, 235.0, 0.9335, -1, -1, -1
230, 242, 1010.0, 477.0, 685.0, 224.0, 0.9454, -1, -1, -1
231, 242, 999.0, 463.0, 675.0, 215.0, 0.9444, -1, -1, -1
232, 242, 991.0, 448.0, 674.0, 206.0, 0.9341, -1, -1, -1
233, 242, 983.0, 434.0, 672.0, 198.0, 0.9516, -1, -1, -1
234, 242, 977.0, 425.0, 679.0, 197.0, 0.9484, -1, -1, -1
235, 242, 964.0, 408.0, 666.0, 181.0, 0.9417, -1, -1, -1
236, 242, 957.0, 395.0, 664.0, 171.0, 0.9439, -1, -1, -1
237, 242, 951.0, 383.0, 665.0, 163.0, 0.9504, -1, -1, -1
238, 242, 945.0, 376.0, 667.0, 163.0, 0.9430, -1, -1, -1
239, 242, 940.0, 362.0, 667.0, 149.0, 0.9483, -1, -1, -1
240, 242, 938.0, 352.0, 675.0, 144.0, 0.9578, -1, -1, -1
241, 242, 935.0, 340.0, 676.0, 132.0, 0.9425, -1, -1, -1
242, 242, 930.0, 335.0, 673.0, 135.0, 0.9365, -1, -1, -1
243, 242, 927.0, 327.0, 677.0, 131.0, 0.9339, -1, -1, -1
244, 242, 923.0, 316.0, 675.0, 122.0, 0.9342, -1, -1, -1
245, 242, 919.0, 308.0, 672.0, 115.0, 0.9348, -1, -1, -1
246, 242, 916.0, 300.0, 671.0, 111.0, 0.9301, -1, -1, -1
247, 242, 916.0, 292.0, 680.0, 106.0, 0.9359, -1, -1, -1
248, 242, 915.0, 286.0, 686.0, 103.0, 0.9427, -1, -1, -1
249, 242, 912.0, 281.0, 685.0, 101.0, 0.9429, -1, -1, -1
250, 242, 912.0, 274.0, 689.0, 96.0, 0.9304, -1, -1, -1
251, 242, 911.0, 270.0, 695.0, 96.0, 0.9215, -1, -1, -1
252, 242, 910.0, 264.0, 696.0, 92.0, 0.9214, -1, -1, -1
253, 242, 906.0, 259.0, 692.0, 92.0, 0.9238, -1, -1, -1
254, 242, 907.0, 253.0, 699.0, 85.0, 0.9237, -1, -1, -1
255, 242, 903.0, 247.0, 696.0, 82.0, 0.9236, -1, -1, -1
256, 242, 902.0, 242.0, 696.0, 79.0, 0.9219, -1, -1, -1
257, 242, 901.0, 238.0, 699.0, 78.0, 0.9274, -1, -1, -1
258, 242, 898.0, 234.0, 698.0, 77.0, 0.9327, -1, -1, -1
259, 242, 897.0, 230.0, 700.0, 74.0, 0.9363, -1, -1, -1
260, 242, 893.0, 224.0, 696.0, 70.0, 0.9330, -1, -1, -1
261, 242, 890.0, 220.0, 693.0, 68.0, 0.9341, -1, -1, -1
262, 242, 889.0, 214.0, 695.0, 61.0, 0.9163, -1, -1, -1
263, 242, 885.0, 209.0, 691.0, 59.0, 0.9283, -1, -1, -1
264, 242, 883.0, 203.0, 692.0, 53.0, 0.9364, -1, -1, -1
265, 242, 880.0, 200.0, 691.0, 55.0, 0.9319, -1, -1, -1
266, 242, 881.0, 198.0, 696.0, 56.0, 0.9376, -1, -1, -1
267, 242, 878.0, 194.0, 693.0, 53.0, 0.9300, -1, -1, -1
268, 242, 877.0, 190.0, 693.0, 51.0, 0.9210, -1, -1, -1
269, 242, 877.0, 185.0, 695.0, 46.0, 0.9271, -1, -1, -1
270, 242, 875.0, 181.0, 697.0, 44.0, 0.9252, -1, -1, -1
271, 242, 873.0, 178.0, 696.0, 41.0, 0.9339, -1, -1, -1
272, 242, 873.0, 173.0, 699.0, 37.0, 0.9409, -1, -1, -1
273, 242, 872.0, 170.0, 699.0, 35.0, 0.9389, -1, -1, -1
274, 242, 872.0, 167.0, 702.0, 36.0, 0.9383, -1, -1, -1
275, 242, 871.0, 165.0, 703.0, 36.0, 0.9404, -1, -1, -1
276, 242, 871.0, 161.0, 704.0, 30.0, 0.9331, -1, -1, -1
277, 242, 869.0, 159.0, 702.0, 29.0, 0.9355, -1, -1, -1
278, 242, 870.0, 157.0, 707.0, 28.0, 0.9358, -1, -1, -1
279, 242, 869.0, 155.0, 706.0, 28.0, 0.9435, -1, -1, -1
280, 242, 867.0, 152.0, 704.0, 26.0, 0.9406, -1, -1, -1
281, 242, 866.0, 148.0, 705.0, 22.0, 0.9424, -1, -1, -1
282, 242, 866.0, 146.0, 706.0, 21.0, 0.9408, -1, -1, -1
283, 242, 866.0, 144.0, 709.0, 20.0, 0.9434, -1, -1, -1
284, 242, 866.0, 141.0, 710.0, 16.0, 0.9428, -1, -1, -1
285, 242, 865.0, 140.0, 711.0, 19.0, 0.9276, -1, -1, -1
286, 242, 863.0, 137.0, 710.0, 15.0, 0.9257, -1, -1, -1
287, 242, 862.0, 135.0, 710.0, 15.0, 0.9186, -1, -1, -1
288, 242, 862.0, 133.0, 714.0, 14.0, 0.9301, -1, -1, -1
289, 242, 861.0, 132.0, 714.0, 14.0, 0.9306, -1, -1, -1
290, 242, 860.0, 130.0, 714.0, 13.0, 0.9359, -1, -1, -1
291, 242, 860.0, 128.0, 716.0, 10.0, 0.9379, -1, -1, -1
292, 242, 860.0, 127.0, 718.0, 11.0, 0.9334, -1, -1, -1
293, 242, 859.0, 123.0, 718.0, 5.0, 0.9396, -1, -1, -1
294, 242, 859.0, 121.0, 721.0, 7.0, 0.9450, -1, -1, -1
295, 242, 859.0, 119.0, 722.0, 5.0, 0.9317, -1, -1, -1
296, 242, 858.0, 115.0, 721.0, 2.0, 0.9264, -1, -1, -1
297, 242, 859.0, 114.0, 726.0, 0.0, 0.9249, -1, -1, -1
298, 242, 857.0, 113.0, 724.0, 1.0, 0.9309, -1, -1, -1
299, 242, 856.0, 109.0, 724.0, 6.0, 0.9290, -1, -1, -1
300, 242, 855.0, 107.0, 723.0, 7.0, 0.9235, -1, -1, -1
301, 242, 852.0, 103.0, 720.0, 13.0, 0.9326, -1, -1, -1
302, 242, 850.0, 100.0, 715.0, 16.0, 0.9437, -1, -1, -1
303, 242, 849.0, 99.0, 715.0, 17.0, 0.9372, -1, -1, -1
304, 242, 848.0, 97.0, 714.0, 19.0, 0.9359, -1, -1, -1
305, 242, 846.0, 94.0, 711.0, 23.0, 0.9249, -1, -1, -1
306, 242, 843.0, 91.0, 707.0, 26.0, 0.9287, -1, -1, -1
307, 242, 843.0, 91.0, 709.0, 24.0, 0.9271, -1, -1, -1
308, 242, 842.0, 90.0, 708.0, 23.0, 0.9215, -1, -1, -1
309, 242, 841.0, 88.0, 707.0, 25.0, 0.9194, -1, -1, -1
310, 242, 838.0, 85.0, 702.0, 29.0, 0.9130, -1, -1, -1
311, 242, 836.0, 82.0, 699.0, 33.0, 0.9129, -1, -1, -1
312, 242, 835.0, 77.0, 696.0, 41.0, 0.9142, -1, -1, -1
313, 242, 835.0, 78.0, 698.0, 37.0, 0.9099, -1, -1, -1
314, 242, 834.0, 74.0, 698.0, 42.0, 0.9140, -1, -1, -1
315, 242, 833.0, 72.0, 697.0, 43.0, 0.9213, -1, -1, -1
316, 242, 832.0, 72.0, 698.0, 40.0, 0.9206, -1, -1, -1
317, 242, 831.0, 72.0, 698.0, 38.0, 0.9207, -1, -1, -1
318, 242, 831.0, 74.0, 701.0, 33.0, 0.9305, -1, -1, -1
319, 242, 831.0, 74.0, 704.0, 31.0, 0.9235, -1, -1, -1
320, 242, 831.0, 72.0, 704.0, 34.0, 0.9323, -1, -1, -1
321, 242, 831.0, 71.0, 703.0, 36.0, 0.9210, -1, -1, -1
322, 242, 832.0, 69.0, 704.0, 38.0, 0.9082, -1, -1, -1
323, 242, 831.0, 66.0, 703.0, 41.0, 0.9074, -1, -1, -1
324, 242, 830.0, 66.0, 704.0, 39.0, 0.9103, -1, -1, -1
325, 242, 830.0, 66.0, 705.0, 38.0, 0.9091, -1, -1, -1
326, 242, 829.0, 65.0, 707.0, 39.0, 0.9102, -1, -1, -1
327, 242, 828.0, 63.0, 704.0, 43.0, 0.9002, -1, -1, -1
328, 242, 828.0, 63.0, 705.0, 41.0, 0.8925, -1, -1, -1
329, 242, 827.0, 64.0, 706.0, 38.0, 0.8886, -1, -1, -1
330, 242, 826.0, 64.0, 705.0, 37.0, 0.8764, -1, -1, -1
331, 242, 825.0, 65.0, 704.0, 34.0, 0.8776, -1, -1, -1
332, 242, 823.0, 66.0, 701.0, 33.0, 0.8787, -1, -1, -1
333, 242, 822.0, 65.0, 698.0, 34.0, 0.8685, -1, -1, -1
334, 242, 821.0, 65.0, 697.0, 35.0, 0.8395, -1, -1, -1
335, 242, 821.0, 65.0, 697.0, 34.0, 0.8423, -1, -1, -1
336, 242, 817.0, 63.0, 694.0, 37.0, 0.8617, -1, -1, -1
337, 242, 816.0, 63.0, 690.0, 37.0, 0.8283, -1, -1, -1
338, 242, 813.0, 63.0, 685.0, 38.0, 0.7574, -1, -1, -1
395, 243, 686.0, 67.0, 565.0, 36.0, 0.7354, -1, -1, -1
396, 243, 694.0, 69.0, 579.0, 34.0, 0.7067, -1, -1, -1
398, 243, 694.0, 67.0, 576.0, 33.0, 0.7787, -1, -1, -1
399, 243, 692.0, 62.0, 572.0, 41.0, 0.7808, -1, -1, -1
400, 243, 694.0, 61.0, 575.0, 43.0, 0.7497, -1, -1, -1
401, 243, 694.0, 62.0, 574.0, 42.0, 0.7525, -1, -1, -1
402, 243, 694.0, 61.0, 574.0, 43.0, 0.7678, -1, -1, -1
403, 243, 694.0, 61.0, 573.0, 43.0, 0.7797, -1, -1, -1
404, 243, 694.0, 61.0, 573.0, 43.0, 0.7875, -1, -1, -1
405, 243, 694.0, 60.0, 573.0, 45.0, 0.7780, -1, -1, -1
406, 243, 694.0, 61.0, 572.0, 44.0, 0.8411, -1, -1, -1
407, 243, 693.0, 60.0, 570.0, 46.0, 0.8379, -1, -1, -1
408, 243, 692.0, 61.0, 567.0, 45.0, 0.7988, -1, -1, -1
409, 243, 691.0, 62.0, 565.0, 43.0, 0.8350, -1, -1, -1
410, 243, 694.0, 63.0, 571.0, 42.0, 0.7931, -1, -1, -1
411, 243, 695.0, 63.0, 573.0, 41.0, 0.7988, -1, -1, -1
412, 243, 695.0, 64.0, 574.0, 41.0, 0.7891, -1, -1, -1
413, 243, 693.0, 63.0, 570.0, 42.0, 0.8519, -1, -1, -1
414, 243, 691.0, 55.0, 565.0, 58.0, 0.8694, -1, -1, -1
415, 243, 693.0, 54.0, 568.0, 59.0, 0.8624, -1, -1, -1
416, 243, 694.0, 58.0, 568.0, 52.0, 0.8673, -1, -1, -1
417, 243, 694.0, 63.0, 568.0, 43.0, 0.8707, -1, -1, -1
418, 243, 694.0, 63.0, 568.0, 44.0, 0.8928, -1, -1, -1
419, 243, 694.0, 62.0, 567.0, 47.0, 0.8880, -1, -1, -1
420, 243, 694.0, 64.0, 567.0, 43.0, 0.8884, -1, -1, -1
421, 243, 694.0, 63.0, 567.0, 46.0, 0.9067, -1, -1, -1
422, 243, 695.0, 62.0, 567.0, 49.0, 0.9083, -1, -1, -1
423, 243, 695.0, 63.0, 568.0, 47.0, 0.9146, -1, -1, -1
424, 243, 695.0, 64.0, 567.0, 46.0, 0.9183, -1, -1, -1
425, 243, 694.0, 65.0, 565.0, 46.0, 0.9235, -1, -1, -1
426, 243, 693.0, 66.0, 562.0, 45.0, 0.9240, -1, -1, -1
427, 243, 692.0, 68.0, 559.0, 42.0, 0.9203, -1, -1, -1
428, 243, 692.0, 69.0, 558.0, 41.0, 0.9231, -1, -1, -1
429, 243, 690.0, 68.0, 554.0, 43.0, 0.9230, -1, -1, -1
430, 243, 687.0, 69.0, 548.0, 44.0, 0.9244, -1, -1, -1
431, 243, 687.0, 70.0, 548.0, 43.0, 0.9268, -1, -1, -1
432, 243, 687.0, 70.0, 549.0, 44.0, 0.9217, -1, -1, -1
433, 243, 684.0, 71.0, 543.0, 45.0, 0.9232, -1, -1, -1
434, 243, 684.0, 71.0, 543.0, 46.0, 0.9213, -1, -1, -1
435, 243, 683.0, 72.0, 542.0, 46.0, 0.9220, -1, -1, -1
436, 243, 684.0, 74.0, 544.0, 43.0, 0.9225, -1, -1, -1
437, 243, 683.0, 72.0, 543.0, 47.0, 0.9256, -1, -1, -1
438, 243, 684.0, 75.0, 545.0, 42.0, 0.9238, -1, -1, -1
439, 243, 682.0, 76.0, 542.0, 41.0, 0.9220, -1, -1, -1
440, 243, 682.0, 76.0, 541.0, 43.0, 0.9268, -1, -1, -1
441, 243, 682.0, 79.0, 543.0, 38.0, 0.9262, -1, -1, -1
442, 243, 681.0, 78.0, 542.0, 42.0, 0.9283, -1, -1, -1
443, 243, 681.0, 79.0, 542.0, 40.0, 0.9350, -1, -1, -1
444, 243, 681.0, 79.0, 543.0, 41.0, 0.9360, -1, -1, -1
445, 243, 681.0, 80.0, 542.0, 42.0, 0.9375, -1, -1, -1
446, 243, 680.0, 81.0, 540.0, 41.0, 0.9372, -1, -1, -1
447, 243, 677.0, 82.0, 535.0, 41.0, 0.9392, -1, -1, -1
448, 243, 678.0, 87.0, 538.0, 31.0, 0.9235, -1, -1, -1
449, 243, 678.0, 88.0, 539.0, 31.0, 0.9242, -1, -1, -1
450, 243, 677.0, 91.0, 538.0, 27.0, 0.9268, -1, -1, -1
451, 243, 677.0, 95.0, 539.0, 20.0, 0.9189, -1, -1, -1
452, 243, 675.0, 93.0, 535.0, 25.0, 0.9192, -1, -1, -1
453, 243, 674.0, 97.0, 535.0, 19.0, 0.9204, -1, -1, -1
454, 243, 672.0, 98.0, 531.0, 19.0, 0.9233, -1, -1, -1
455, 243, 672.0, 100.0, 532.0, 17.0, 0.9251, -1, -1, -1
456, 243, 671.0, 101.0, 533.0, 18.0, 0.9229, -1, -1, -1
457, 243, 670.0, 103.0, 532.0, 16.0, 0.9177, -1, -1, -1
458, 243, 671.0, 105.0, 534.0, 14.0, 0.9194, -1, -1, -1
459, 243, 670.0, 108.0, 533.0, 11.0, 0.9183, -1, -1, -1
460, 243, 669.0, 109.0, 530.0, 11.0, 0.9175, -1, -1, -1
419, 244, 1321.0, 121.0, 1039.0, 33.0, 0.6943, -1, -1, -1
420, 244, 1319.0, 122.0, 1033.0, 33.0, 0.8727, -1, -1, -1
421, 244, 1320.0, 120.0, 1042.0, 38.0, 0.8684, -1, -1, -1
422, 244, 1312.0, 120.0, 1028.0, 37.0, 0.8864, -1, -1, -1
423, 244, 1305.0, 121.0, 1019.0, 37.0, 0.9158, -1, -1, -1
424, 244, 1302.0, 122.0, 1017.0, 36.0, 0.9200, -1, -1, -1
425, 244, 1297.0, 123.0, 1012.0, 36.0, 0.9230, -1, -1, -1
426, 244, 1295.0, 124.0, 1009.0, 35.0, 0.9240, -1, -1, -1
427, 244, 1291.0, 123.0, 1005.0, 38.0, 0.9248, -1, -1, -1
428, 244, 1288.0, 125.0, 1001.0, 34.0, 0.9244, -1, -1, -1
429, 244, 1286.0, 125.0, 997.0, 34.0, 0.9239, -1, -1, -1
430, 244, 1284.0, 125.0, 993.0, 36.0, 0.9341, -1, -1, -1
431, 244, 1283.0, 125.0, 992.0, 36.0, 0.9369, -1, -1, -1
432, 244, 1283.0, 125.0, 992.0, 36.0, 0.9357, -1, -1, -1
433, 244, 1283.0, 125.0, 992.0, 36.0, 0.9364, -1, -1, -1
434, 244, 1283.0, 125.0, 992.0, 36.0, 0.9359, -1, -1, -1
435, 244, 1283.0, 125.0, 993.0, 36.0, 0.9365, -1, -1, -1
436, 244, 1283.0, 126.0, 993.0, 35.0, 0.9362, -1, -1, -1
437, 244, 1284.0, 126.0, 994.0, 35.0, 0.9359, -1, -1, -1
438, 244, 1283.0, 126.0, 993.0, 35.0, 0.9353, -1, -1, -1
439, 244, 1283.0, 126.0, 993.0, 35.0, 0.9358, -1, -1, -1
440, 244, 1283.0, 126.0, 993.0, 35.0, 0.9357, -1, -1, -1
441, 244, 1284.0, 126.0, 994.0, 35.0, 0.9322, -1, -1, -1
442, 244, 1284.0, 126.0, 994.0, 35.0, 0.9321, -1, -1, -1
443, 244, 1283.0, 126.0, 992.0, 35.0, 0.9351, -1, -1, -1
444, 244, 1283.0, 126.0, 992.0, 34.0, 0.9346, -1, -1, -1
445, 244, 1283.0, 126.0, 992.0, 35.0, 0.9347, -1, -1, -1
446, 244, 1283.0, 126.0, 992.0, 35.0, 0.9350, -1, -1, -1
447, 244, 1283.0, 126.0, 992.0, 34.0, 0.9349, -1, -1, -1
448, 244, 1283.0, 125.0, 993.0, 35.0, 0.9346, -1, -1, -1
449, 244, 1283.0, 126.0, 993.0, 34.0, 0.9357, -1, -1, -1
450, 244, 1283.0, 126.0, 993.0, 34.0, 0.9356, -1, -1, -1
451, 244, 1283.0, 126.0, 993.0, 34.0, 0.9358, -1, -1, -1
452, 244, 1283.0, 125.0, 993.0, 35.0, 0.9357, -1, -1, -1
453, 244, 1283.0, 125.0, 993.0, 35.0, 0.9355, -1, -1, -1
454, 244, 1283.0, 125.0, 993.0, 35.0, 0.9352, -1, -1, -1
455, 244, 1283.0, 126.0, 993.0, 34.0, 0.9358, -1, -1, -1
456, 244, 1283.0, 125.0, 993.0, 35.0, 0.9352, -1, -1, -1
457, 244, 1283.0, 125.0, 992.0, 35.0, 0.9348, -1, -1, -1
458, 244, 1283.0, 125.0, 992.0, 36.0, 0.9347, -1, -1, -1
459, 244, 1283.0, 126.0, 992.0, 35.0, 0.9340, -1, -1, -1
460, 244, 1283.0, 126.0, 992.0, 35.0, 0.9336, -1, -1, -1
461, 244, 1283.0, 126.0, 992.0, 35.0, 0.9339, -1, -1, -1
462, 244, 1283.0, 126.0, 992.0, 35.0, 0.9345, -1, -1, -1
463, 244, 1283.0, 126.0, 992.0, 35.0, 0.9344, -1, -1, -1
464, 244, 1283.0, 125.0, 992.0, 36.0, 0.9347, -1, -1, -1
465, 244, 1283.0, 126.0, 992.0, 35.0, 0.9346, -1, -1, -1
466, 244, 1283.0, 126.0, 992.0, 35.0, 0.9352, -1, -1, -1
467, 244, 1283.0, 125.0, 992.0, 36.0, 0.9345, -1, -1, -1
468, 244, 1283.0, 125.0, 993.0, 36.0, 0.9357, -1, -1, -1
469, 244, 1283.0, 125.0, 992.0, 36.0, 0.9363, -1, -1, -1
470, 244, 1283.0, 125.0, 993.0, 36.0, 0.9360, -1, -1, -1
471, 244, 1283.0, 125.0, 993.0, 36.0, 0.9372, -1, -1, -1
472, 244, 1283.0, 125.0, 993.0, 36.0, 0.9374, -1, -1, -1
473, 244, 1283.0, 125.0, 992.0, 36.0, 0.9375, -1, -1, -1
474, 244, 1283.0, 125.0, 993.0, 36.0, 0.9382, -1, -1, -1
475, 244, 1283.0, 125.0, 993.0, 35.0, 0.9373, -1, -1, -1
476, 244, 1283.0, 125.0, 993.0, 36.0, 0.9369, -1, -1, -1
477, 244, 1283.0, 125.0, 993.0, 36.0, 0.9373, -1, -1, -1
478, 244, 1283.0, 125.0, 993.0, 36.0, 0.9374, -1, -1, -1
479, 244, 1283.0, 125.0, 993.0, 36.0, 0.9367, -1, -1, -1
480, 244, 1283.0, 125.0, 994.0, 36.0, 0.9369, -1, -1, -1
481, 244, 1283.0, 125.0, 994.0, 36.0, 0.9376, -1, -1, -1
482, 244, 1283.0, 125.0, 994.0, 36.0, 0.9369, -1, -1, -1
483, 244, 1283.0, 125.0, 993.0, 36.0, 0.9369, -1, -1, -1
484, 244, 1283.0, 125.0, 993.0, 36.0, 0.9365, -1, -1, -1
485, 244, 1284.0, 125.0, 994.0, 36.0, 0.9367, -1, -1, -1
486, 244, 1284.0, 126.0, 995.0, 35.0, 0.9365, -1, -1, -1
487, 244, 1284.0, 125.0, 995.0, 36.0, 0.9368, -1, -1, -1
488, 244, 1284.0, 125.0, 995.0, 37.0, 0.9370, -1, -1, -1
489, 244, 1283.0, 125.0, 993.0, 37.0, 0.9381, -1, -1, -1
490, 244, 1283.0, 125.0, 993.0, 37.0, 0.9377, -1, -1, -1
491, 244, 1283.0, 125.0, 993.0, 37.0, 0.9377, -1, -1, -1
492, 244, 1283.0, 125.0, 993.0, 36.0, 0.9385, -1, -1, -1
493, 244, 1283.0, 125.0, 993.0, 36.0, 0.9386, -1, -1, -1
494, 244, 1283.0, 125.0, 993.0, 36.0, 0.9386, -1, -1, -1
495, 244, 1283.0, 125.0, 993.0, 36.0, 0.9389, -1, -1, -1
496, 244, 1283.0, 125.0, 994.0, 36.0, 0.9385, -1, -1, -1
497, 244, 1283.0, 125.0, 994.0, 36.0, 0.9385, -1, -1, -1
498, 244, 1283.0, 125.0, 994.0, 36.0, 0.9388, -1, -1, -1
499, 244, 1283.0, 125.0, 994.0, 36.0, 0.9388, -1, -1, -1
500, 244, 1283.0, 126.0, 994.0, 35.0, 0.9390, -1, -1, -1
501, 244, 1283.0, 125.0, 994.0, 36.0, 0.9388, -1, -1, -1
502, 244, 1283.0, 126.0, 993.0, 35.0, 0.9387, -1, -1, -1
503, 244, 1283.0, 125.0, 993.0, 36.0, 0.9383, -1, -1, -1
504, 244, 1283.0, 125.0, 993.0, 37.0, 0.9375, -1, -1, -1
505, 244, 1284.0, 126.0, 994.0, 34.0, 0.9358, -1, -1, -1
506, 244, 1284.0, 126.0, 994.0, 34.0, 0.9356, -1, -1, -1
507, 244, 1284.0, 126.0, 994.0, 34.0, 0.9356, -1, -1, -1
508, 244, 1283.0, 126.0, 993.0, 34.0, 0.9363, -1, -1, -1
509, 244, 1283.0, 126.0, 993.0, 34.0, 0.9361, -1, -1, -1
510, 244, 1283.0, 126.0, 993.0, 34.0, 0.9365, -1, -1, -1
511, 244, 1283.0, 125.0, 992.0, 36.0, 0.9365, -1, -1, -1
512, 244, 1283.0, 125.0, 992.0, 36.0, 0.9360, -1, -1, -1
513, 244, 1283.0, 126.0, 993.0, 34.0, 0.9366, -1, -1, -1
514, 244, 1282.0, 126.0, 991.0, 34.0, 0.9370, -1, -1, -1
515, 244, 1283.0, 124.0, 992.0, 37.0, 0.9374, -1, -1, -1
516, 244, 1283.0, 125.0, 993.0, 35.0, 0.9378, -1, -1, -1
517, 244, 1283.0, 125.0, 993.0, 35.0, 0.9376, -1, -1, -1
518, 244, 1283.0, 125.0, 993.0, 35.0, 0.9375, -1, -1, -1
519, 244, 1283.0, 125.0, 993.0, 35.0, 0.9377, -1, -1, -1
520, 244, 1283.0, 124.0, 994.0, 37.0, 0.9383, -1, -1, -1
521, 244, 1283.0, 124.0, 994.0, 37.0, 0.9387, -1, -1, -1
522, 244, 1283.0, 125.0, 993.0, 35.0, 0.9386, -1, -1, -1
523, 244, 1282.0, 125.0, 991.0, 35.0, 0.9382, -1, -1, -1
524, 244, 1282.0, 125.0, 991.0, 35.0, 0.9374, -1, -1, -1
525, 244, 1281.0, 125.0, 990.0, 35.0, 0.9344, -1, -1, -1
526, 244, 1280.0, 126.0, 990.0, 34.0, 0.9308, -1, -1, -1
527, 244, 1279.0, 126.0, 988.0, 34.0, 0.9266, -1, -1, -1
528, 244, 1278.0, 126.0, 988.0, 34.0, 0.9233, -1, -1, -1
529, 244, 1277.0, 126.0, 986.0, 34.0, 0.9197, -1, -1, -1
530, 244, 1277.0, 128.0, 994.0, 31.0, 0.9250, -1, -1, -1
531, 244, 1273.0, 127.0, 990.0, 34.0, 0.9193, -1, -1, -1
532, 244, 1267.0, 127.0, 979.0, 33.0, 0.9190, -1, -1, -1
533, 244, 1246.0, 128.0, 937.0, 32.0, 0.9098, -1, -1, -1
534, 244, 1255.0, 130.0, 967.0, 27.0, 0.9143, -1, -1, -1
465, 245, 680.0, 55.0, 548.0, 57.0, 0.7549, -1, -1, -1
466, 245, 680.0, 55.0, 549.0, 57.0, 0.8337, -1, -1, -1
467, 245, 680.0, 55.0, 549.0, 58.0, 0.8298, -1, -1, -1
468, 245, 679.0, 56.0, 545.0, 58.0, 0.8182, -1, -1, -1
469, 245, 678.0, 59.0, 543.0, 54.0, 0.7938, -1, -1, -1
470, 245, 678.0, 59.0, 541.0, 54.0, 0.7462, -1, -1, -1
471, 245, 679.0, 62.0, 543.0, 47.0, 0.7177, -1, -1, -1
472, 245, 681.0, 64.0, 552.0, 44.0, 0.9080, -1, -1, -1
473, 245, 681.0, 65.0, 551.0, 43.0, 0.9140, -1, -1, -1
474, 245, 682.0, 65.0, 553.0, 42.0, 0.9177, -1, -1, -1
475, 245, 684.0, 67.0, 555.0, 38.0, 0.9195, -1, -1, -1
476, 245, 684.0, 67.0, 556.0, 39.0, 0.9218, -1, -1, -1
477, 245, 684.0, 68.0, 555.0, 39.0, 0.9291, -1, -1, -1
478, 245, 684.0, 68.0, 555.0, 39.0, 0.9282, -1, -1, -1
479, 245, 683.0, 69.0, 552.0, 38.0, 0.9283, -1, -1, -1
480, 245, 683.0, 71.0, 550.0, 36.0, 0.9253, -1, -1, -1
481, 245, 683.0, 72.0, 551.0, 35.0, 0.9265, -1, -1, -1
482, 245, 683.0, 72.0, 550.0, 36.0, 0.9329, -1, -1, -1
483, 245, 684.0, 72.0, 551.0, 38.0, 0.9304, -1, -1, -1
484, 245, 684.0, 72.0, 550.0, 39.0, 0.9179, -1, -1, -1
485, 245, 683.0, 72.0, 547.0, 41.0, 0.9196, -1, -1, -1
486, 245, 682.0, 74.0, 547.0, 40.0, 0.9243, -1, -1, -1
487, 245, 682.0, 75.0, 547.0, 39.0, 0.9276, -1, -1, -1
488, 245, 683.0, 75.0, 547.0, 40.0, 0.9298, -1, -1, -1
489, 245, 682.0, 77.0, 546.0, 38.0, 0.9333, -1, -1, -1
490, 245, 680.0, 77.0, 544.0, 40.0, 0.9375, -1, -1, -1
491, 245, 680.0, 79.0, 542.0, 37.0, 0.9386, -1, -1, -1
492, 245, 680.0, 79.0, 543.0, 38.0, 0.9382, -1, -1, -1
493, 245, 679.0, 81.0, 540.0, 35.0, 0.9393, -1, -1, -1
494, 245, 679.0, 80.0, 541.0, 39.0, 0.9403, -1, -1, -1
495, 245, 679.0, 83.0, 541.0, 36.0, 0.9348, -1, -1, -1
496, 245, 678.0, 84.0, 539.0, 37.0, 0.9335, -1, -1, -1
497, 245, 677.0, 86.0, 538.0, 35.0, 0.9308, -1, -1, -1
498, 245, 677.0, 86.0, 539.0, 37.0, 0.9294, -1, -1, -1
499, 245, 677.0, 90.0, 541.0, 34.0, 0.9318, -1, -1, -1
500, 245, 676.0, 91.0, 539.0, 34.0, 0.9322, -1, -1, -1
501, 245, 673.0, 93.0, 533.0, 32.0, 0.9268, -1, -1, -1
502, 245, 672.0, 95.0, 533.0, 29.0, 0.9264, -1, -1, -1
503, 245, 672.0, 95.0, 532.0, 32.0, 0.9233, -1, -1, -1
504, 245, 671.0, 100.0, 531.0, 24.0, 0.9221, -1, -1, -1
505, 245, 670.0, 103.0, 533.0, 19.0, 0.9214, -1, -1, -1
506, 245, 669.0, 105.0, 531.0, 18.0, 0.9201, -1, -1, -1
490, 246, 642.0, 171.0, 464.0, 27.0, 0.9356, -1, -1, -1
491, 246, 640.0, 173.0, 460.0, 25.0, 0.9437, -1, -1, -1
492, 246, 639.0, 175.0, 458.0, 26.0, 0.9476, -1, -1, -1
493, 246, 637.0, 177.0, 454.0, 27.0, 0.9464, -1, -1, -1
494, 246, 636.0, 180.0, 451.0, 29.0, 0.9393, -1, -1, -1
495, 246, 635.0, 183.0, 449.0, 31.0, 0.9305, -1, -1, -1
496, 246, 634.0, 186.0, 446.0, 32.0, 0.9213, -1, -1, -1
497, 246, 633.0, 189.0, 443.0, 32.0, 0.9205, -1, -1, -1
498, 246, 631.0, 190.0, 438.0, 29.0, 0.9261, -1, -1, -1
499, 246, 630.0, 196.0, 437.0, 38.0, 0.9276, -1, -1, -1
500, 246, 631.0, 200.0, 439.0, 41.0, 0.9345, -1, -1, -1
501, 246, 629.0, 202.0, 434.0, 42.0, 0.9306, -1, -1, -1
502, 246, 628.0, 206.0, 432.0, 42.0, 0.9250, -1, -1, -1
503, 246, 626.0, 208.0, 428.0, 42.0, 0.9253, -1, -1, -1
504, 246, 625.0, 211.0, 424.0, 45.0, 0.9256, -1, -1, -1
505, 246, 623.0, 215.0, 419.0, 49.0, 0.9216, -1, -1, -1
506, 246, 622.0, 221.0, 419.0, 55.0, 0.9262, -1, -1, -1
507, 246, 623.0, 222.0, 418.0, 53.0, 0.9281, -1, -1, -1
508, 246, 621.0, 227.0, 414.0, 59.0, 0.9247, -1, -1, -1
509, 246, 619.0, 228.0, 409.0, 56.0, 0.9310, -1, -1, -1
510, 246, 618.0, 230.0, 405.0, 55.0, 0.9370, -1, -1, -1
511, 246, 616.0, 232.0, 399.0, 54.0, 0.9399, -1, -1, -1
512, 246, 617.0, 235.0, 400.0, 57.0, 0.9390, -1, -1, -1
513, 246, 616.0, 241.0, 397.0, 63.0, 0.9338, -1, -1, -1
514, 246, 615.0, 248.0, 394.0, 73.0, 0.9327, -1, -1, -1
515, 246, 614.0, 252.0, 389.0, 75.0, 0.9311, -1, -1, -1
516, 246, 613.0, 254.0, 387.0, 72.0, 0.9304, -1, -1, -1
517, 246, 610.0, 257.0, 382.0, 67.0, 0.9333, -1, -1, -1
518, 246, 609.0, 259.0, 376.0, 64.0, 0.9404, -1, -1, -1
519, 246, 605.0, 264.0, 368.0, 66.0, 0.9500, -1, -1, -1
520, 246, 604.0, 269.0, 366.0, 69.0, 0.9477, -1, -1, -1
521, 246, 602.0, 277.0, 361.0, 76.0, 0.9300, -1, -1, -1
522, 246, 601.0, 283.0, 359.0, 81.0, 0.9305, -1, -1, -1
523, 246, 596.0, 285.0, 347.0, 77.0, 0.9395, -1, -1, -1
524, 246, 594.0, 293.0, 340.0, 83.0, 0.9480, -1, -1, -1
525, 246, 592.0, 301.0, 336.0, 89.0, 0.9578, -1, -1, -1
526, 246, 589.0, 308.0, 331.0, 91.0, 0.9457, -1, -1, -1
527, 246, 590.0, 314.0, 333.0, 93.0, 0.9298, -1, -1, -1
528, 246, 586.0, 322.0, 325.0, 98.0, 0.9339, -1, -1, -1
529, 246, 584.0, 330.0, 319.0, 103.0, 0.9425, -1, -1, -1
530, 246, 580.0, 338.0, 309.0, 107.0, 0.9500, -1, -1, -1
531, 246, 577.0, 349.0, 303.0, 118.0, 0.9384, -1, -1, -1
532, 246, 574.0, 356.0, 297.0, 123.0, 0.9274, -1, -1, -1
533, 246, 571.0, 367.0, 290.0, 130.0, 0.9358, -1, -1, -1
534, 246, 568.0, 374.0, 283.0, 133.0, 0.9432, -1, -1, -1
535, 246, 564.0, 385.0, 273.0, 140.0, 0.9303, -1, -1, -1
536, 246, 561.0, 397.0, 267.0, 153.0, 0.9208, -1, -1, -1
537, 246, 554.0, 406.0, 252.0, 154.0, 0.9263, -1, -1, -1
538, 246, 548.0, 419.0, 241.0, 168.0, 0.9296, -1, -1, -1
539, 246, 543.0, 427.0, 228.0, 168.0, 0.9226, -1, -1, -1
540, 246, 540.0, 443.0, 224.0, 186.0, 0.9276, -1, -1, -1
541, 246, 536.0, 453.0, 219.0, 191.0, 0.9269, -1, -1, -1
542, 246, 531.0, 468.0, 209.0, 202.0, 0.9313, -1, -1, -1
543, 246, 527.0, 479.0, 203.0, 212.0, 0.9339, -1, -1, -1
544, 246, 518.0, 493.0, 187.0, 219.0, 0.9313, -1, -1, -1
545, 246, 511.0, 505.0, 175.0, 221.0, 0.9288, -1, -1, -1
546, 246, 505.0, 520.0, 167.0, 231.0, 0.9359, -1, -1, -1
547, 246, 493.0, 541.0, 148.0, 247.0, 0.9193, -1, -1, -1
548, 246, 483.0, 554.0, 135.0, 253.0, 0.9164, -1, -1, -1
549, 246, 468.0, 571.0, 112.0, 263.0, 0.9272, -1, -1, -1
550, 246, 457.0, 595.0, 95.0, 289.0, 0.9254, -1, -1, -1
551, 246, 445.0, 610.0, 75.0, 291.0, 0.9108, -1, -1, -1
552, 246, 435.0, 632.0, 67.0, 308.0, 0.9208, -1, -1, -1
553, 246, 418.0, 653.0, 37.0, 320.0, 0.9203, -1, -1, -1
554, 246, 399.0, 677.0, 10.0, 340.0, 0.9116, -1, -1, -1
555, 246, 380.0, 700.0, 18.0, 360.0, 0.8986, -1, -1, -1
556, 246, 356.0, 716.0, 62.0, 358.0, 0.8981, -1, -1, -1
557, 246, 331.0, 742.0, 97.0, 405.0, 0.8758, -1, -1, -1
558, 246, 304.0, 768.0, 141.0, 457.0, 0.8399, -1, -1, -1
559, 246, 282.0, 801.0, 161.0, 523.0, 0.6066, -1, -1, -1
537, 247, 643.0, 175.0, 463.0, 25.0, 0.9390, -1, -1, -1
538, 247, 642.0, 177.0, 461.0, 25.0, 0.9430, -1, -1, -1
539, 247, 643.0, 180.0, 460.0, 25.0, 0.9355, -1, -1, -1
540, 247, 641.0, 182.0, 455.0, 24.0, 0.9353, -1, -1, -1
541, 247, 641.0, 186.0, 451.0, 25.0, 0.9333, -1, -1, -1
542, 247, 640.0, 187.0, 447.0, 23.0, 0.9339, -1, -1, -1
543, 247, 641.0, 192.0, 448.0, 29.0, 0.9361, -1, -1, -1
544, 247, 641.0, 195.0, 446.0, 29.0, 0.9320, -1, -1, -1
545, 247, 640.0, 200.0, 444.0, 33.0, 0.9328, -1, -1, -1
546, 247, 641.0, 204.0, 443.0, 36.0, 0.9318, -1, -1, -1
547, 247, 640.0, 206.0, 440.0, 36.0, 0.9391, -1, -1, -1
548, 247, 640.0, 209.0, 437.0, 38.0, 0.9371, -1, -1, -1
549, 247, 639.0, 212.0, 435.0, 38.0, 0.9420, -1, -1, -1
550, 247, 637.0, 214.0, 433.0, 38.0, 0.9366, -1, -1, -1
551, 247, 638.0, 222.0, 434.0, 48.0, 0.9388, -1, -1, -1
552, 247, 637.0, 225.0, 431.0, 50.0, 0.9417, -1, -1, -1
553, 247, 636.0, 227.0, 426.0, 49.0, 0.9424, -1, -1, -1
554, 247, 636.0, 230.0, 423.0, 49.0, 0.9245, -1, -1, -1
555, 247, 636.0, 231.0, 422.0, 46.0, 0.9290, -1, -1, -1
556, 247, 635.0, 234.0, 419.0, 45.0, 0.9444, -1, -1, -1
557, 247, 632.0, 240.0, 411.0, 52.0, 0.9289, -1, -1, -1
558, 247, 631.0, 244.0, 406.0, 52.0, 0.9261, -1, -1, -1
559, 247, 629.0, 250.0, 401.0, 56.0, 0.9235, -1, -1, -1
560, 247, 627.0, 252.0, 395.0, 51.0, 0.9260, -1, -1, -1
561, 247, 625.0, 256.0, 390.0, 50.0, 0.9314, -1, -1, -1
562, 247, 623.0, 263.0, 385.0, 55.0, 0.9317, -1, -1, -1
563, 247, 622.0, 271.0, 381.0, 63.0, 0.9301, -1, -1, -1
564, 247, 618.0, 280.0, 374.0, 71.0, 0.9312, -1, -1, -1
565, 247, 617.0, 287.0, 369.0, 74.0, 0.9311, -1, -1, -1
566, 247, 616.0, 299.0, 365.0, 88.0, 0.9388, -1, -1, -1
567, 247, 615.0, 306.0, 363.0, 90.0, 0.9383, -1, -1, -1
568, 247, 613.0, 314.0, 357.0, 95.0, 0.9305, -1, -1, -1
569, 247, 609.0, 323.0, 348.0, 101.0, 0.9324, -1, -1, -1
570, 247, 608.0, 332.0, 344.0, 106.0, 0.9413, -1, -1, -1
571, 247, 604.0, 345.0, 335.0, 118.0, 0.9423, -1, -1, -1
572, 247, 602.0, 357.0, 330.0, 132.0, 0.9294, -1, -1, -1
573, 247, 595.0, 365.0, 314.0, 135.0, 0.9298, -1, -1, -1
574, 247, 591.0, 375.0, 308.0, 140.0, 0.9426, -1, -1, -1
575, 247, 586.0, 385.0, 295.0, 147.0, 0.9433, -1, -1, -1
576, 247, 581.0, 396.0, 285.0, 154.0, 0.9344, -1, -1, -1
577, 247, 574.0, 411.0, 271.0, 169.0, 0.9359, -1, -1, -1
578, 247, 568.0, 423.0, 260.0, 179.0, 0.9409, -1, -1, -1
579, 247, 562.0, 438.0, 248.0, 191.0, 0.9402, -1, -1, -1
580, 247, 557.0, 449.0, 240.0, 198.0, 0.9295, -1, -1, -1
581, 247, 550.0, 462.0, 230.0, 206.0, 0.9398, -1, -1, -1
582, 247, 541.0, 473.0, 215.0, 208.0, 0.9310, -1, -1, -1
583, 247, 533.0, 492.0, 199.0, 226.0, 0.9386, -1, -1, -1
584, 247, 520.0, 506.0, 179.0, 235.0, 0.9267, -1, -1, -1
585, 247, 510.0, 522.0, 162.0, 244.0, 0.9385, -1, -1, -1
586, 247, 501.0, 540.0, 151.0, 254.0, 0.9272, -1, -1, -1
587, 247, 488.0, 556.0, 134.0, 262.0, 0.9321, -1, -1, -1
588, 247, 474.0, 575.0, 111.0, 277.0, 0.9339, -1, -1, -1
589, 247, 462.0, 597.0, 97.0, 291.0, 0.9178, -1, -1, -1
590, 247, 444.0, 616.0, 70.0, 303.0, 0.9173, -1, -1, -1
591, 247, 431.0, 641.0, 52.0, 321.0, 0.9262, -1, -1, -1
592, 247, 411.0, 657.0, 19.0, 322.0, 0.9194, -1, -1, -1
593, 247, 389.0, 685.0, 16.0, 350.0, 0.9227, -1, -1, -1
594, 247, 361.0, 708.0, 57.0, 365.0, 0.9122, -1, -1, -1
595, 247, 340.0, 729.0, 86.0, 392.0, 0.9015, -1, -1, -1
596, 247, 313.0, 762.0, 129.0, 445.0, 0.8993, -1, -1, -1
597, 247, 281.0, 788.0, 179.0, 497.0, 0.8616, -1, -1, -1
558, 248, 1004.0, 157.0, 747.0, 4.0, 0.9327, -1, -1, -1
559, 248, 989.0, 160.0, 733.0, 8.0, 0.9357, -1, -1, -1
560, 248, 971.0, 160.0, 717.0, 7.0, 0.9265, -1, -1, -1
561, 248, 951.0, 160.0, 693.0, 6.0, 0.9076, -1, -1, -1
562, 248, 934.0, 164.0, 682.0, 13.0, 0.9189, -1, -1, -1
563, 248, 921.0, 167.0, 675.0, 16.0, 0.9168, -1, -1, -1
564, 248, 907.0, 167.0, 667.0, 14.0, 0.9137, -1, -1, -1
565, 248, 889.0, 171.0, 649.0, 17.0, 0.9285, -1, -1, -1
566, 248, 875.0, 168.0, 636.0, 10.0, 0.9190, -1, -1, -1
567, 248, 861.0, 172.0, 625.0, 16.0, 0.9257, -1, -1, -1
568, 248, 845.0, 171.0, 609.0, 13.0, 0.9212, -1, -1, -1
569, 248, 828.0, 174.0, 594.0, 17.0, 0.9215, -1, -1, -1
570, 248, 817.0, 176.0, 590.0, 19.0, 0.9287, -1, -1, -1
571, 248, 801.0, 177.0, 573.0, 18.0, 0.9188, -1, -1, -1
572, 248, 788.0, 179.0, 564.0, 19.0, 0.9266, -1, -1, -1
573, 248, 771.0, 179.0, 543.0, 16.0, 0.9192, -1, -1, -1
574, 248, 761.0, 183.0, 544.0, 20.0, 0.9185, -1, -1, -1
575, 248, 744.0, 183.0, 517.0, 16.0, 0.9270, -1, -1, -1
576, 248, 729.0, 186.0, 506.0, 19.0, 0.9217, -1, -1, -1
577, 248, 718.0, 189.0, 495.0, 19.0, 0.9271, -1, -1, -1
578, 248, 709.0, 193.0, 490.0, 23.0, 0.9264, -1, -1, -1
579, 248, 697.0, 198.0, 477.0, 30.0, 0.9288, -1, -1, -1
580, 248, 688.0, 200.0, 474.0, 31.0, 0.9323, -1, -1, -1
581, 248, 680.0, 201.0, 465.0, 27.0, 0.9331, -1, -1, -1
582, 248, 669.0, 203.0, 454.0, 29.0, 0.9317, -1, -1, -1
583, 248, 660.0, 207.0, 447.0, 32.0, 0.9200, -1, -1, -1
584, 248, 653.0, 210.0, 440.0, 33.0, 0.9242, -1, -1, -1
585, 248, 642.0, 211.0, 425.0, 31.0, 0.9265, -1, -1, -1
586, 248, 637.0, 215.0, 421.0, 36.0, 0.9377, -1, -1, -1
587, 248, 631.0, 219.0, 415.0, 38.0, 0.9209, -1, -1, -1
588, 248, 626.0, 222.0, 409.0, 43.0, 0.9354, -1, -1, -1
589, 248, 617.0, 225.0, 397.0, 42.0, 0.9357, -1, -1, -1
590, 248, 614.0, 229.0, 393.0, 46.0, 0.9395, -1, -1, -1
591, 248, 610.0, 231.0, 388.0, 47.0, 0.9359, -1, -1, -1
592, 248, 607.0, 234.0, 383.0, 48.0, 0.9253, -1, -1, -1
593, 248, 602.0, 238.0, 374.0, 50.0, 0.9286, -1, -1, -1
594, 248, 599.0, 243.0, 371.0, 53.0, 0.9277, -1, -1, -1
595, 248, 594.0, 246.0, 362.0, 53.0, 0.9323, -1, -1, -1
596, 248, 591.0, 248.0, 356.0, 48.0, 0.9374, -1, -1, -1
597, 248, 588.0, 251.0, 351.0, 47.0, 0.9415, -1, -1, -1
598, 248, 586.0, 258.0, 345.0, 53.0, 0.9476, -1, -1, -1
599, 248, 584.0, 262.0, 341.0, 53.0, 0.9344, -1, -1, -1
600, 248, 582.0, 269.0, 338.0, 56.0, 0.9348, -1, -1, -1
601, 248, 577.0, 276.0, 328.0, 62.0, 0.9312, -1, -1, -1
602, 248, 572.0, 281.0, 318.0, 62.0, 0.9294, -1, -1, -1
603, 248, 568.0, 291.0, 311.0, 72.0, 0.9329, -1, -1, -1
604, 248, 565.0, 299.0, 305.0, 78.0, 0.9294, -1, -1, -1
605, 248, 563.0, 307.0, 301.0, 82.0, 0.9296, -1, -1, -1
606, 248, 559.0, 314.0, 292.0, 85.0, 0.9308, -1, -1, -1
607, 248, 556.0, 324.0, 287.0, 92.0, 0.9440, -1, -1, -1
608, 248, 549.0, 332.0, 274.0, 96.0, 0.9452, -1, -1, -1
609, 248, 546.0, 344.0, 268.0, 108.0, 0.9350, -1, -1, -1
610, 248, 540.0, 353.0, 257.0, 116.0, 0.9303, -1, -1, -1
611, 248, 537.0, 358.0, 252.0, 111.0, 0.9354, -1, -1, -1
612, 248, 530.0, 369.0, 238.0, 122.0, 0.9454, -1, -1, -1
613, 248, 524.0, 378.0, 226.0, 125.0, 0.9448, -1, -1, -1
614, 248, 516.0, 391.0, 210.0, 139.0, 0.9278, -1, -1, -1
615, 248, 511.0, 403.0, 203.0, 150.0, 0.9320, -1, -1, -1
616, 248, 504.0, 414.0, 189.0, 155.0, 0.9343, -1, -1, -1
617, 248, 496.0, 430.0, 173.0, 172.0, 0.9298, -1, -1, -1
618, 248, 492.0, 443.0, 166.0, 180.0, 0.9287, -1, -1, -1
619, 248, 485.0, 454.0, 158.0, 186.0, 0.9353, -1, -1, -1
620, 248, 478.0, 466.0, 144.0, 194.0, 0.9252, -1, -1, -1
621, 248, 470.0, 477.0, 130.0, 196.0, 0.9377, -1, -1, -1
622, 248, 462.0, 496.0, 120.0, 211.0, 0.9214, -1, -1, -1
623, 248, 453.0, 507.0, 105.0, 212.0, 0.9236, -1, -1, -1
624, 248, 445.0, 524.0, 91.0, 223.0, 0.9249, -1, -1, -1
625, 248, 432.0, 546.0, 72.0, 245.0, 0.9240, -1, -1, -1
626, 248, 422.0, 562.0, 57.0, 250.0, 0.9274, -1, -1, -1
627, 248, 409.0, 577.0, 38.0, 256.0, 0.9190, -1, -1, -1
628, 248, 402.0, 601.0, 33.0, 281.0, 0.9310, -1, -1, -1
629, 248, 385.0, 617.0, 3.0, 282.0, 0.9195, -1, -1, -1
630, 248, 366.0, 643.0, 26.0, 308.0, 0.9215, -1, -1, -1
631, 248, 352.0, 663.0, 47.0, 315.0, 0.9298, -1, -1, -1
632, 248, 333.0, 686.0, 81.0, 331.0, 0.9218, -1, -1, -1
633, 248, 303.0, 706.0, 128.0, 344.0, 0.9015, -1, -1, -1
634, 248, 287.0, 733.0, 150.0, 387.0, 0.8996, -1, -1, -1
635, 248, 246.0, 761.0, 222.0, 443.0, 0.8744, -1, -1, -1
698, 249, 929.0, 863.0, 420.0, 647.0, 0.7223, -1, -1, -1
699, 249, 923.0, 838.0, 402.0, 597.0, 0.7637, -1, -1, -1
701, 249, 947.0, 794.0, 458.0, 509.0, 0.7601, -1, -1, -1
702, 249, 956.0, 769.0, 479.0, 459.0, 0.8166, -1, -1, -1
703, 249, 959.0, 754.0, 485.0, 429.0, 0.8925, -1, -1, -1
704, 249, 967.0, 731.0, 502.0, 383.0, 0.9000, -1, -1, -1
705, 249, 973.0, 711.0, 516.0, 343.0, 0.8996, -1, -1, -1
706, 249, 979.0, 689.0, 527.0, 299.0, 0.9141, -1, -1, -1
707, 249, 983.0, 676.0, 538.0, 273.0, 0.9145, -1, -1, -1
708, 249, 986.0, 659.0, 544.0, 239.0, 0.9176, -1, -1, -1
709, 249, 988.0, 640.0, 548.0, 201.0, 0.9206, -1, -1, -1
710, 249, 990.0, 625.0, 555.0, 173.0, 0.9241, -1, -1, -1
711, 249, 990.0, 601.0, 557.0, 149.0, 0.9266, -1, -1, -1
712, 249, 996.0, 591.0, 576.0, 146.0, 0.9228, -1, -1, -1
713, 249, 992.0, 575.0, 572.0, 143.0, 0.9324, -1, -1, -1
714, 249, 993.0, 562.0, 579.0, 134.0, 0.9254, -1, -1, -1
715, 249, 991.0, 545.0, 581.0, 128.0, 0.9288, -1, -1, -1
716, 249, 987.0, 528.0, 580.0, 112.0, 0.9259, -1, -1, -1
717, 249, 984.0, 517.0, 579.0, 112.0, 0.9323, -1, -1, -1
718, 249, 980.0, 502.0, 579.0, 101.0, 0.9263, -1, -1, -1
719, 249, 978.0, 490.0, 579.0, 91.0, 0.9260, -1, -1, -1
720, 249, 975.0, 477.0, 579.0, 89.0, 0.9375, -1, -1, -1
721, 249, 971.0, 466.0, 579.0, 83.0, 0.9333, -1, -1, -1
722, 249, 965.0, 458.0, 577.0, 80.0, 0.9307, -1, -1, -1
723, 249, 961.0, 451.0, 576.0, 87.0, 0.9382, -1, -1, -1
724, 249, 958.0, 442.0, 581.0, 86.0, 0.9302, -1, -1, -1
725, 249, 952.0, 432.0, 579.0, 77.0, 0.9337, -1, -1, -1
726, 249, 945.0, 418.0, 571.0, 69.0, 0.9305, -1, -1, -1
727, 249, 940.0, 411.0, 567.0, 70.0, 0.9283, -1, -1, -1
728, 249, 938.0, 404.0, 572.0, 70.0, 0.9360, -1, -1, -1
729, 249, 928.0, 393.0, 555.0, 59.0, 0.9355, -1, -1, -1
730, 249, 917.0, 386.0, 546.0, 57.0, 0.9284, -1, -1, -1
731, 249, 913.0, 373.0, 547.0, 42.0, 0.9268, -1, -1, -1
732, 249, 910.0, 365.0, 546.0, 39.0, 0.9292, -1, -1, -1
733, 249, 911.0, 357.0, 554.0, 38.0, 0.9425, -1, -1, -1
734, 249, 902.0, 353.0, 547.0, 41.0, 0.9368, -1, -1, -1
735, 249, 903.0, 345.0, 554.0, 38.0, 0.9300, -1, -1, -1
736, 249, 900.0, 339.0, 555.0, 39.0, 0.9333, -1, -1, -1
737, 249, 899.0, 332.0, 564.0, 34.0, 0.9378, -1, -1, -1
738, 249, 892.0, 321.0, 558.0, 24.0, 0.9383, -1, -1, -1
739, 249, 888.0, 316.0, 557.0, 25.0, 0.9377, -1, -1, -1
740, 249, 884.0, 313.0, 557.0, 30.0, 0.9264, -1, -1, -1
741, 249, 881.0, 304.0, 557.0, 19.0, 0.9269, -1, -1, -1
742, 249, 878.0, 297.0, 554.0, 14.0, 0.9291, -1, -1, -1
743, 249, 878.0, 290.0, 565.0, 9.0, 0.9404, -1, -1, -1
744, 249, 878.0, 284.0, 569.0, 9.0, 0.9397, -1, -1, -1
745, 249, 877.0, 280.0, 574.0, 10.0, 0.9330, -1, -1, -1
746, 249, 877.0, 274.0, 577.0, 7.0, 0.9351, -1, -1, -1
747, 249, 875.0, 268.0, 579.0, 5.0, 0.9448, -1, -1, -1
748, 249, 873.0, 265.0, 580.0, 5.0, 0.9404, -1, -1, -1
749, 249, 872.0, 261.0, 583.0, 6.0, 0.9358, -1, -1, -1
750, 249, 871.0, 255.0, 584.0, 2.0, 0.9304, -1, -1, -1
751, 249, 870.0, 252.0, 587.0, 1.0, 0.9356, -1, -1, -1
752, 249, 868.0, 245.0, 587.0, 3.0, 0.9263, -1, -1, -1
753, 249, 868.0, 243.0, 592.0, 2.0, 0.9277, -1, -1, -1
754, 249, 865.0, 239.0, 591.0, 3.0, 0.9217, -1, -1, -1
755, 249, 864.0, 235.0, 595.0, 5.0, 0.9211, -1, -1, -1
756, 249, 860.0, 228.0, 593.0, 12.0, 0.9316, -1, -1, -1
757, 249, 860.0, 226.0, 596.0, 10.0, 0.9400, -1, -1, -1
758, 249, 860.0, 221.0, 601.0, 13.0, 0.9462, -1, -1, -1
759, 249, 856.0, 220.0, 597.0, 12.0, 0.9431, -1, -1, -1
760, 249, 856.0, 216.0, 599.0, 12.0, 0.9367, -1, -1, -1
761, 249, 851.0, 214.0, 595.0, 11.0, 0.9329, -1, -1, -1
762, 249, 848.0, 209.0, 594.0, 15.0, 0.9372, -1, -1, -1
763, 249, 847.0, 204.0, 595.0, 20.0, 0.9471, -1, -1, -1
764, 249, 845.0, 200.0, 595.0, 22.0, 0.9510, -1, -1, -1
765, 249, 843.0, 199.0, 596.0, 20.0, 0.9531, -1, -1, -1
766, 249, 840.0, 194.0, 595.0, 24.0, 0.9417, -1, -1, -1
767, 249, 839.0, 191.0, 599.0, 23.0, 0.9317, -1, -1, -1
768, 249, 837.0, 189.0, 598.0, 22.0, 0.9282, -1, -1, -1
769, 249, 835.0, 186.0, 596.0, 25.0, 0.9304, -1, -1, -1
770, 249, 835.0, 184.0, 599.0, 25.0, 0.9328, -1, -1, -1
771, 249, 836.0, 184.0, 607.0, 21.0, 0.9329, -1, -1, -1
772, 249, 835.0, 182.0, 607.0, 20.0, 0.9330, -1, -1, -1
773, 249, 835.0, 179.0, 609.0, 22.0, 0.9326, -1, -1, -1
774, 249, 834.0, 175.0, 609.0, 25.0, 0.9333, -1, -1, -1
775, 249, 834.0, 172.0, 611.0, 27.0, 0.9379, -1, -1, -1
776, 249, 832.0, 170.0, 610.0, 26.0, 0.9287, -1, -1, -1
777, 249, 834.0, 167.0, 614.0, 28.0, 0.9267, -1, -1, -1
778, 249, 834.0, 167.0, 616.0, 26.0, 0.9247, -1, -1, -1
779, 249, 835.0, 163.0, 619.0, 31.0, 0.9297, -1, -1, -1
780, 249, 835.0, 161.0, 622.0, 30.0, 0.9331, -1, -1, -1
781, 249, 836.0, 159.0, 624.0, 30.0, 0.9309, -1, -1, -1
782, 249, 836.0, 156.0, 626.0, 32.0, 0.9361, -1, -1, -1
783, 249, 838.0, 154.0, 629.0, 32.0, 0.9316, -1, -1, -1
784, 249, 838.0, 150.0, 629.0, 35.0, 0.9313, -1, -1, -1
785, 249, 840.0, 148.0, 636.0, 34.0, 0.9258, -1, -1, -1
786, 249, 840.0, 146.0, 637.0, 35.0, 0.9293, -1, -1, -1
787, 249, 840.0, 145.0, 639.0, 33.0, 0.9288, -1, -1, -1
788, 249, 841.0, 142.0, 640.0, 34.0, 0.9371, -1, -1, -1
789, 249, 842.0, 141.0, 646.0, 33.0, 0.9321, -1, -1, -1
790, 249, 841.0, 137.0, 645.0, 40.0, 0.9325, -1, -1, -1
791, 249, 840.0, 133.0, 645.0, 44.0, 0.9327, -1, -1, -1
792, 249, 841.0, 131.0, 648.0, 43.0, 0.9304, -1, -1, -1
793, 249, 842.0, 132.0, 651.0, 39.0, 0.9267, -1, -1, -1
794, 249, 843.0, 129.0, 656.0, 42.0, 0.9267, -1, -1, -1
795, 249, 842.0, 129.0, 656.0, 37.0, 0.9161, -1, -1, -1
796, 249, 842.0, 127.0, 657.0, 39.0, 0.9331, -1, -1, -1
797, 249, 842.0, 126.0, 658.0, 38.0, 0.9339, -1, -1, -1
798, 249, 842.0, 124.0, 659.0, 39.0, 0.9298, -1, -1, -1
799, 249, 842.0, 121.0, 660.0, 45.0, 0.9317, -1, -1, -1
800, 249, 843.0, 120.0, 662.0, 43.0, 0.9333, -1, -1, -1
801, 249, 843.0, 119.0, 663.0, 42.0, 0.9261, -1, -1, -1
802, 249, 844.0, 117.0, 666.0, 44.0, 0.9268, -1, -1, -1
803, 249, 844.0, 115.0, 667.0, 45.0, 0.9239, -1, -1, -1
804, 249, 846.0, 115.0, 672.0, 42.0, 0.9301, -1, -1, -1
805, 249, 847.0, 112.0, 675.0, 45.0, 0.9327, -1, -1, -1
806, 249, 847.0, 109.0, 676.0, 48.0, 0.9332, -1, -1, -1
807, 249, 847.0, 108.0, 675.0, 45.0, 0.9308, -1, -1, -1
808, 249, 847.0, 106.0, 676.0, 48.0, 0.9265, -1, -1, -1
809, 249, 848.0, 105.0, 678.0, 46.0, 0.9236, -1, -1, -1
810, 249, 848.0, 104.0, 679.0, 45.0, 0.9217, -1, -1, -1
811, 249, 849.0, 103.0, 683.0, 47.0, 0.9189, -1, -1, -1
812, 249, 848.0, 100.0, 682.0, 51.0, 0.9298, -1, -1, -1
813, 249, 847.0, 99.0, 681.0, 52.0, 0.9329, -1, -1, -1
814, 249, 847.0, 98.0, 681.0, 52.0, 0.9327, -1, -1, -1
815, 249, 847.0, 97.0, 683.0, 51.0, 0.9271, -1, -1, -1
816, 249, 847.0, 95.0, 684.0, 51.0, 0.9321, -1, -1, -1
817, 249, 847.0, 96.0, 685.0, 46.0, 0.9264, -1, -1, -1
818, 249, 846.0, 95.0, 685.0, 47.0, 0.9290, -1, -1, -1
819, 249, 844.0, 93.0, 680.0, 48.0, 0.9239, -1, -1, -1
820, 249, 841.0, 90.0, 674.0, 52.0, 0.9259, -1, -1, -1
821, 249, 841.0, 88.0, 676.0, 54.0, 0.9234, -1, -1, -1
822, 249, 839.0, 87.0, 673.0, 54.0, 0.9279, -1, -1, -1
823, 249, 839.0, 87.0, 674.0, 54.0, 0.9206, -1, -1, -1
824, 249, 838.0, 87.0, 677.0, 51.0, 0.9182, -1, -1, -1
825, 249, 837.0, 85.0, 677.0, 53.0, 0.9206, -1, -1, -1
826, 249, 834.0, 83.0, 671.0, 56.0, 0.9144, -1, -1, -1
827, 249, 833.0, 80.0, 670.0, 60.0, 0.9186, -1, -1, -1
828, 249, 831.0, 78.0, 668.0, 63.0, 0.9206, -1, -1, -1
829, 249, 830.0, 76.0, 667.0, 66.0, 0.9252, -1, -1, -1
830, 249, 828.0, 74.0, 664.0, 67.0, 0.9268, -1, -1, -1
831, 249, 826.0, 72.0, 662.0, 69.0, 0.9319, -1, -1, -1
832, 249, 823.0, 71.0, 657.0, 69.0, 0.9400, -1, -1, -1
833, 249, 822.0, 73.0, 657.0, 64.0, 0.9340, -1, -1, -1
834, 249, 821.0, 68.0, 655.0, 73.0, 0.9436, -1, -1, -1
835, 249, 820.0, 66.0, 654.0, 77.0, 0.9417, -1, -1, -1
836, 249, 818.0, 64.0, 652.0, 79.0, 0.9368, -1, -1, -1
837, 249, 818.0, 61.0, 655.0, 84.0, 0.9431, -1, -1, -1
838, 249, 817.0, 60.0, 653.0, 86.0, 0.9452, -1, -1, -1
839, 249, 817.0, 59.0, 655.0, 87.0, 0.9404, -1, -1, -1
840, 249, 816.0, 57.0, 655.0, 92.0, 0.9419, -1, -1, -1
841, 249, 813.0, 54.0, 652.0, 96.0, 0.9399, -1, -1, -1
842, 249, 813.0, 52.0, 652.0, 99.0, 0.9359, -1, -1, -1
843, 249, 811.0, 51.0, 650.0, 99.0, 0.9323, -1, -1, -1
844, 249, 810.0, 50.0, 649.0, 100.0, 0.9289, -1, -1, -1
845, 249, 810.0, 51.0, 650.0, 96.0, 0.9238, -1, -1, -1
846, 249, 808.0, 49.0, 649.0, 98.0, 0.9252, -1, -1, -1
847, 249, 807.0, 46.0, 648.0, 102.0, 0.9376, -1, -1, -1
848, 249, 807.0, 44.0, 648.0, 105.0, 0.9399, -1, -1, -1
849, 249, 806.0, 43.0, 647.0, 106.0, 0.9419, -1, -1, -1
850, 249, 806.0, 42.0, 648.0, 107.0, 0.9414, -1, -1, -1
851, 249, 806.0, 42.0, 650.0, 105.0, 0.9386, -1, -1, -1
852, 249, 807.0, 41.0, 653.0, 105.0, 0.9445, -1, -1, -1
853, 249, 807.0, 39.0, 654.0, 107.0, 0.9337, -1, -1, -1
854, 249, 806.0, 39.0, 654.0, 106.0, 0.9365, -1, -1, -1
855, 249, 805.0, 38.0, 653.0, 106.0, 0.9407, -1, -1, -1
856, 249, 805.0, 37.0, 654.0, 106.0, 0.9346, -1, -1, -1
857, 249, 805.0, 37.0, 654.0, 105.0, 0.9325, -1, -1, -1
858, 249, 804.0, 37.0, 653.0, 106.0, 0.9291, -1, -1, -1
859, 249, 803.0, 37.0, 653.0, 104.0, 0.9273, -1, -1, -1
860, 249, 803.0, 38.0, 656.0, 101.0, 0.9269, -1, -1, -1
861, 249, 802.0, 38.0, 655.0, 100.0, 0.9282, -1, -1, -1
862, 249, 801.0, 38.0, 654.0, 99.0, 0.9286, -1, -1, -1
863, 249, 800.0, 37.0, 653.0, 100.0, 0.9224, -1, -1, -1
864, 249, 799.0, 37.0, 652.0, 99.0, 0.9178, -1, -1, -1
865, 249, 799.0, 37.0, 653.0, 97.0, 0.9192, -1, -1, -1
866, 249, 798.0, 36.0, 653.0, 99.0, 0.9211, -1, -1, -1
867, 249, 798.0, 35.0, 655.0, 101.0, 0.9200, -1, -1, -1
868, 249, 797.0, 36.0, 653.0, 98.0, 0.9233, -1, -1, -1
869, 249, 795.0, 36.0, 652.0, 97.0, 0.9271, -1, -1, -1
870, 249, 794.0, 37.0, 651.0, 95.0, 0.9290, -1, -1, -1
871, 249, 793.0, 37.0, 651.0, 94.0, 0.9262, -1, -1, -1
872, 249, 792.0, 36.0, 649.0, 95.0, 0.9220, -1, -1, -1
873, 249, 788.0, 36.0, 643.0, 96.0, 0.9175, -1, -1, -1
874, 249, 787.0, 35.0, 642.0, 96.0, 0.9151, -1, -1, -1
875, 249, 787.0, 34.0, 643.0, 97.0, 0.9116, -1, -1, -1
876, 249, 786.0, 35.0, 644.0, 95.0, 0.9118, -1, -1, -1
877, 249, 786.0, 37.0, 647.0, 91.0, 0.9107, -1, -1, -1
878, 249, 786.0, 37.0, 647.0, 90.0, 0.9138, -1, -1, -1
879, 249, 785.0, 37.0, 646.0, 89.0, 0.9161, -1, -1, -1
880, 249, 784.0, 37.0, 644.0, 89.0, 0.9180, -1, -1, -1
881, 249, 783.0, 37.0, 644.0, 89.0, 0.9206, -1, -1, -1
882, 249, 782.0, 37.0, 643.0, 89.0, 0.9207, -1, -1, -1
883, 249, 782.0, 38.0, 642.0, 87.0, 0.9211, -1, -1, -1
884, 249, 781.0, 38.0, 642.0, 87.0, 0.9211, -1, -1, -1
885, 249, 780.0, 38.0, 641.0, 87.0, 0.9225, -1, -1, -1
886, 249, 780.0, 39.0, 642.0, 85.0, 0.9224, -1, -1, -1
887, 249, 778.0, 40.0, 641.0, 83.0, 0.9221, -1, -1, -1
888, 249, 778.0, 39.0, 641.0, 84.0, 0.9195, -1, -1, -1
889, 249, 775.0, 40.0, 637.0, 83.0, 0.9164, -1, -1, -1
890, 249, 774.0, 42.0, 638.0, 78.0, 0.9214, -1, -1, -1
891, 249, 771.0, 43.0, 634.0, 76.0, 0.9319, -1, -1, -1
892, 249, 770.0, 43.0, 634.0, 75.0, 0.9303, -1, -1, -1
893, 249, 769.0, 43.0, 634.0, 74.0, 0.9274, -1, -1, -1
894, 249, 768.0, 45.0, 632.0, 70.0, 0.9248, -1, -1, -1
895, 249, 767.0, 45.0, 633.0, 70.0, 0.9154, -1, -1, -1
896, 249, 766.0, 45.0, 632.0, 70.0, 0.9139, -1, -1, -1
897, 249, 764.0, 47.0, 629.0, 67.0, 0.9146, -1, -1, -1
898, 249, 763.0, 47.0, 628.0, 65.0, 0.9148, -1, -1, -1
899, 249, 761.0, 47.0, 625.0, 65.0, 0.9126, -1, -1, -1
900, 249, 761.0, 48.0, 626.0, 64.0, 0.9172, -1, -1, -1
901, 249, 762.0, 48.0, 629.0, 63.0, 0.9177, -1, -1, -1
902, 249, 761.0, 48.0, 628.0, 63.0, 0.9113, -1, -1, -1
903, 249, 761.0, 48.0, 629.0, 63.0, 0.9138, -1, -1, -1
904, 249, 760.0, 49.0, 629.0, 61.0, 0.9241, -1, -1, -1
905, 249, 760.0, 50.0, 629.0, 59.0, 0.9179, -1, -1, -1
906, 249, 759.0, 51.0, 627.0, 56.0, 0.9031, -1, -1, -1
907, 249, 759.0, 52.0, 628.0, 54.0, 0.8930, -1, -1, -1
908, 249, 759.0, 53.0, 629.0, 52.0, 0.8819, -1, -1, -1
909, 249, 760.0, 54.0, 633.0, 50.0, 0.8306, -1, -1, -1
910, 249, 759.0, 55.0, 632.0, 49.0, 0.7772, -1, -1, -1
844, 250, 7.0, 238.0, 521.0, 7.0, 0.7884, -1, -1, -1
845, 250, 7.0, 239.0, 548.0, 7.0, 0.8663, -1, -1, -1
846, 250, 37.0, 239.0, 493.0, 8.0, 0.8845, -1, -1, -1
847, 250, 55.0, 238.0, 467.0, 11.0, 0.9033, -1, -1, -1
848, 250, 63.0, 240.0, 475.0, 7.0, 0.9018, -1, -1, -1
849, 250, 88.0, 241.0, 439.0, 8.0, 0.9047, -1, -1, -1
850, 250, 111.0, 241.0, 405.0, 9.0, 0.9135, -1, -1, -1
851, 250, 130.0, 244.0, 379.0, 4.0, 0.9075, -1, -1, -1
852, 250, 147.0, 246.0, 369.0, 5.0, 0.9135, -1, -1, -1
853, 250, 171.0, 244.0, 333.0, 12.0, 0.9110, -1, -1, -1
854, 250, 204.0, 246.0, 283.0, 11.0, 0.9215, -1, -1, -1
855, 250, 222.0, 244.0, 266.0, 20.0, 0.9218, -1, -1, -1
856, 250, 239.0, 249.0, 246.0, 14.0, 0.9222, -1, -1, -1
857, 250, 254.0, 250.0, 223.0, 15.0, 0.9242, -1, -1, -1
858, 250, 273.0, 250.0, 208.0, 15.0, 0.9200, -1, -1, -1
859, 250, 293.0, 251.0, 175.0, 15.0, 0.9207, -1, -1, -1
860, 250, 317.0, 258.0, 143.0, 3.0, 0.9249, -1, -1, -1
861, 250, 337.0, 257.0, 122.0, 12.0, 0.9217, -1, -1, -1
862, 250, 348.0, 263.0, 114.0, 6.0, 0.9148, -1, -1, -1
863, 250, 367.0, 264.0, 86.0, 6.0, 0.9151, -1, -1, -1
864, 250, 383.0, 267.0, 72.0, 3.0, 0.9190, -1, -1, -1
865, 250, 404.0, 269.0, 39.0, 2.0, 0.9223, -1, -1, -1
866, 250, 420.0, 270.0, 18.0, 2.0, 0.9265, -1, -1, -1
867, 250, 438.0, 277.0, 8.0, 8.0, 0.9301, -1, -1, -1
868, 250, 452.0, 277.0, 29.0, 1.0, 0.9348, -1, -1, -1
869, 250, 470.0, 279.0, 57.0, 1.0, 0.9316, -1, -1, -1
870, 250, 483.0, 280.0, 76.0, 4.0, 0.9362, -1, -1, -1
871, 250, 496.0, 283.0, 94.0, 0.0, 0.9318, -1, -1, -1
872, 250, 510.0, 285.0, 116.0, 2.0, 0.9324, -1, -1, -1
873, 250, 518.0, 286.0, 125.0, 5.0, 0.9262, -1, -1, -1
874, 250, 525.0, 289.0, 137.0, 3.0, 0.9255, -1, -1, -1
875, 250, 538.0, 292.0, 160.0, 1.0, 0.9211, -1, -1, -1
876, 250, 544.0, 293.0, 171.0, 1.0, 0.9182, -1, -1, -1
877, 250, 553.0, 297.0, 184.0, 2.0, 0.9242, -1, -1, -1
878, 250, 561.0, 300.0, 196.0, 4.0, 0.9260, -1, -1, -1
879, 250, 572.0, 302.0, 215.0, 1.0, 0.9371, -1, -1, -1
880, 250, 577.0, 305.0, 222.0, 1.0, 0.9320, -1, -1, -1
881, 250, 581.0, 308.0, 222.0, 1.0, 0.9293, -1, -1, -1
882, 250, 586.0, 310.0, 227.0, 3.0, 0.9297, -1, -1, -1
883, 250, 591.0, 314.0, 233.0, 2.0, 0.9301, -1, -1, -1
884, 250, 594.0, 321.0, 235.0, 8.0, 0.9306, -1, -1, -1
885, 250, 599.0, 327.0, 242.0, 15.0, 0.9312, -1, -1, -1
886, 250, 602.0, 331.0, 244.0, 18.0, 0.9277, -1, -1, -1
887, 250, 606.0, 334.0, 249.0, 16.0, 0.9317, -1, -1, -1
888, 250, 610.0, 340.0, 254.0, 24.0, 0.9268, -1, -1, -1
889, 250, 611.0, 345.0, 252.0, 27.0, 0.9299, -1, -1, -1
890, 250, 609.0, 352.0, 246.0, 35.0, 0.9289, -1, -1, -1
891, 250, 614.0, 356.0, 253.0, 35.0, 0.9323, -1, -1, -1
892, 250, 610.0, 361.0, 244.0, 37.0, 0.9319, -1, -1, -1
893, 250, 621.0, 363.0, 264.0, 37.0, 0.9287, -1, -1, -1
894, 250, 617.0, 370.0, 253.0, 41.0, 0.9242, -1, -1, -1
895, 250, 624.0, 377.0, 266.0, 47.0, 0.9276, -1, -1, -1
896, 250, 618.0, 391.0, 254.0, 67.0, 0.9214, -1, -1, -1
897, 250, 616.0, 391.0, 253.0, 58.0, 0.9271, -1, -1, -1
898, 250, 610.0, 394.0, 235.0, 56.0, 0.9315, -1, -1, -1
899, 250, 607.0, 401.0, 232.0, 62.0, 0.9330, -1, -1, -1
900, 250, 605.0, 403.0, 228.0, 58.0, 0.9298, -1, -1, -1
901, 250, 601.0, 414.0, 222.0, 68.0, 0.9337, -1, -1, -1
902, 250, 595.0, 421.0, 210.0, 74.0, 0.9340, -1, -1, -1
903, 250, 594.0, 429.0, 209.0, 81.0, 0.9234, -1, -1, -1
904, 250, 587.0, 442.0, 198.0, 94.0, 0.9275, -1, -1, -1
905, 250, 580.0, 445.0, 185.0, 88.0, 0.9361, -1, -1, -1
906, 250, 577.0, 453.0, 180.0, 95.0, 0.9419, -1, -1, -1
907, 250, 573.0, 458.0, 174.0, 94.0, 0.9317, -1, -1, -1
908, 250, 567.0, 461.0, 168.0, 83.0, 0.9247, -1, -1, -1
909, 250, 560.0, 469.0, 155.0, 87.0, 0.9262, -1, -1, -1
910, 250, 551.0, 474.0, 141.0, 87.0, 0.9310, -1, -1, -1
911, 250, 547.0, 478.0, 138.0, 81.0, 0.9337, -1, -1, -1
912, 250, 533.0, 491.0, 116.0, 91.0, 0.9286, -1, -1, -1
913, 250, 523.0, 501.0, 99.0, 96.0, 0.9331, -1, -1, -1
914, 250, 515.0, 513.0, 88.0, 110.0, 0.9350, -1, -1, -1
915, 250, 504.0, 522.0, 75.0, 108.0, 0.9269, -1, -1, -1
916, 250, 492.0, 530.0, 55.0, 110.0, 0.9212, -1, -1, -1
917, 250, 481.0, 547.0, 36.0, 128.0, 0.9234, -1, -1, -1
918, 250, 466.0, 556.0, 9.0, 124.0, 0.9245, -1, -1, -1
919, 250, 456.0, 568.0, 4.0, 136.0, 0.9242, -1, -1, -1
920, 250, 444.0, 578.0, 19.0, 138.0, 0.9211, -1, -1, -1
921, 250, 431.0, 593.0, 34.0, 149.0, 0.9131, -1, -1, -1
922, 250, 414.0, 600.0, 59.0, 145.0, 0.9246, -1, -1, -1
923, 250, 399.0, 617.0, 87.0, 166.0, 0.9180, -1, -1, -1
924, 250, 383.0, 629.0, 112.0, 179.0, 0.9041, -1, -1, -1
925, 250, 363.0, 638.0, 145.0, 197.0, 0.9014, -1, -1, -1
926, 250, 349.0, 647.0, 161.0, 215.0, 0.9020, -1, -1, -1
927, 250, 328.0, 667.0, 197.0, 255.0, 0.8979, -1, -1, -1
928, 250, 314.0, 682.0, 216.0, 285.0, 0.8916, -1, -1, -1
929, 250, 292.0, 695.0, 248.0, 311.0, 0.8664, -1, -1, -1
930, 250, 266.0, 713.0, 286.0, 347.0, 0.8231, -1, -1, -1
931, 250, 246.0, 728.0, 314.0, 377.0, 0.7053, -1, -1, -1
932, 250, 221.0, 744.0, 352.0, 409.0, 0.6278, -1, -1, -1
929, 251, 746.0, 65.0, 632.0, 28.0, 0.6120, -1, -1, -1
930, 251, 745.0, 64.0, 631.0, 30.0, 0.6397, -1, -1, -1
931, 251, 745.0, 64.0, 631.0, 30.0, 0.6330, -1, -1, -1
938, 251, 746.0, 67.0, 638.0, 25.0, 0.6621, -1, -1, -1
939, 251, 745.0, 68.0, 638.0, 24.0, 0.6598, -1, -1, -1
940, 251, 744.0, 69.0, 637.0, 23.0, 0.6689, -1, -1, -1
941, 251, 744.0, 69.0, 638.0, 23.0, 0.6446, -1, -1, -1
942, 251, 743.0, 69.0, 638.0, 22.0, 0.6764, -1, -1, -1
943, 251, 743.0, 70.0, 638.0, 21.0, 0.6232, -1, -1, -1
944, 251, 742.0, 71.0, 637.0, 20.0, 0.6689, -1, -1, -1
945, 251, 742.0, 71.0, 637.0, 20.0, 0.6899, -1, -1, -1
946, 251, 742.0, 71.0, 638.0, 20.0, 0.7250, -1, -1, -1
947, 251, 741.0, 72.0, 638.0, 17.0, 0.7366, -1, -1, -1
948, 251, 740.0, 73.0, 639.0, 15.0, 0.7236, -1, -1, -1
949, 251, 739.0, 74.0, 637.0, 14.0, 0.7859, -1, -1, -1
950, 251, 737.0, 75.0, 634.0, 13.0, 0.7383, -1, -1, -1
951, 251, 737.0, 78.0, 634.0, 8.0, 0.6776, -1, -1, -1
1089, 252, 695.0, 73.0, 580.0, 24.0, 0.6166, -1, -1, -1
1091, 252, 705.0, 72.0, 592.0, 24.0, 0.7023, -1, -1, -1
1092, 252, 708.0, 67.0, 594.0, 32.0, 0.8132, -1, -1, -1
1093, 252, 711.0, 66.0, 597.0, 33.0, 0.8007, -1, -1, -1
1094, 252, 712.0, 72.0, 599.0, 24.0, 0.7213, -1, -1, -1
1095, 252, 715.0, 72.0, 603.0, 24.0, 0.7291, -1, -1, -1
1096, 252, 715.0, 72.0, 604.0, 23.0, 0.7640, -1, -1, -1
1097, 252, 715.0, 72.0, 604.0, 22.0, 0.7247, -1, -1, -1
1098, 252, 717.0, 69.0, 606.0, 28.0, 0.8115, -1, -1, -1
1099, 252, 717.0, 69.0, 606.0, 27.0, 0.8767, -1, -1, -1
1100, 252, 718.0, 67.0, 607.0, 30.0, 0.8887, -1, -1, -1
1101, 252, 717.0, 66.0, 605.0, 32.0, 0.8784, -1, -1, -1
1102, 252, 717.0, 64.0, 604.0, 36.0, 0.8929, -1, -1, -1
1103, 252, 717.0, 63.0, 603.0, 38.0, 0.8955, -1, -1, -1
1104, 252, 717.0, 63.0, 603.0, 38.0, 0.8936, -1, -1, -1
1105, 252, 717.0, 63.0, 603.0, 38.0, 0.8854, -1, -1, -1
1106, 252, 717.0, 63.0, 603.0, 38.0, 0.8864, -1, -1, -1
1107, 252, 716.0, 63.0, 600.0, 38.0, 0.9041, -1, -1, -1
1108, 252, 714.0, 64.0, 596.0, 38.0, 0.9092, -1, -1, -1
1109, 252, 712.0, 64.0, 591.0, 40.0, 0.7931, -1, -1, -1
1110, 252, 707.0, 63.0, 582.0, 45.0, 0.9131, -1, -1, -1
1111, 252, 705.0, 64.0, 578.0, 45.0, 0.9189, -1, -1, -1
1112, 252, 706.0, 64.0, 579.0, 47.0, 0.9169, -1, -1, -1
1113, 252, 705.0, 63.0, 578.0, 49.0, 0.9199, -1, -1, -1
1114, 252, 705.0, 64.0, 577.0, 49.0, 0.9197, -1, -1, -1
1115, 252, 704.0, 66.0, 576.0, 46.0, 0.9194, -1, -1, -1
1116, 252, 703.0, 67.0, 573.0, 45.0, 0.9287, -1, -1, -1
1117, 252, 702.0, 68.0, 571.0, 46.0, 0.9337, -1, -1, -1
1118, 252, 702.0, 69.0, 570.0, 45.0, 0.9369, -1, -1, -1
1119, 252, 701.0, 71.0, 567.0, 44.0, 0.9440, -1, -1, -1
1120, 252, 700.0, 71.0, 566.0, 45.0, 0.9435, -1, -1, -1
1121, 252, 700.0, 72.0, 565.0, 47.0, 0.9421, -1, -1, -1
1122, 252, 701.0, 73.0, 566.0, 46.0, 0.9385, -1, -1, -1
1123, 252, 701.0, 74.0, 565.0, 46.0, 0.9345, -1, -1, -1
1124, 252, 701.0, 75.0, 565.0, 46.0, 0.9334, -1, -1, -1
1125, 252, 701.0, 77.0, 564.0, 45.0, 0.9405, -1, -1, -1
1126, 252, 700.0, 77.0, 561.0, 47.0, 0.9375, -1, -1, -1
1127, 252, 700.0, 78.0, 561.0, 46.0, 0.9371, -1, -1, -1
1128, 252, 700.0, 80.0, 561.0, 44.0, 0.9340, -1, -1, -1
1129, 252, 701.0, 82.0, 563.0, 43.0, 0.9330, -1, -1, -1
1130, 252, 700.0, 87.0, 559.0, 42.0, 0.9445, -1, -1, -1
1131, 252, 700.0, 87.0, 559.0, 43.0, 0.9429, -1, -1, -1
1132, 252, 700.0, 90.0, 558.0, 39.0, 0.9420, -1, -1, -1
1133, 252, 698.0, 91.0, 554.0, 40.0, 0.9455, -1, -1, -1
1134, 252, 697.0, 93.0, 552.0, 39.0, 0.9438, -1, -1, -1
1135, 252, 696.0, 97.0, 550.0, 34.0, 0.9429, -1, -1, -1
1136, 252, 696.0, 101.0, 550.0, 29.0, 0.9399, -1, -1, -1
1137, 252, 696.0, 104.0, 552.0, 27.0, 0.9317, -1, -1, -1
1138, 252, 697.0, 108.0, 553.0, 22.0, 0.9346, -1, -1, -1
1139, 252, 696.0, 109.0, 550.0, 22.0, 0.9310, -1, -1, -1
1140, 252, 696.0, 112.0, 549.0, 17.0, 0.9371, -1, -1, -1
1141, 252, 694.0, 112.0, 545.0, 23.0, 0.9373, -1, -1, -1
1142, 252, 692.0, 115.0, 541.0, 20.0, 0.9390, -1, -1, -1
1143, 252, 690.0, 118.0, 537.0, 16.0, 0.9381, -1, -1, -1
1144, 252, 687.0, 119.0, 532.0, 17.0, 0.9337, -1, -1, -1
1145, 252, 684.0, 123.0, 524.0, 13.0, 0.9323, -1, -1, -1
1146, 252, 682.0, 125.0, 522.0, 13.0, 0.9256, -1, -1, -1
1147, 252, 681.0, 129.0, 521.0, 8.0, 0.9216, -1, -1, -1
1148, 252, 680.0, 133.0, 518.0, 5.0, 0.9194, -1, -1, -1
1149, 252, 677.0, 136.0, 514.0, 2.0, 0.9252, -1, -1, -1
1150, 252, 674.0, 139.0, 506.0, 1.0, 0.9325, -1, -1, -1
1151, 252, 670.0, 144.0, 500.0, 4.0, 0.9365, -1, -1, -1
1152, 252, 669.0, 146.0, 499.0, 7.0, 0.9369, -1, -1, -1
1147, 253, 905.0, 745.0, 450.0, 411.0, 0.8776, -1, -1, -1
1148, 253, 908.0, 721.0, 461.0, 363.0, 0.9038, -1, -1, -1
1149, 253, 909.0, 702.0, 465.0, 325.0, 0.9137, -1, -1, -1
1150, 253, 913.0, 675.0, 476.0, 289.0, 0.9267, -1, -1, -1
1151, 253, 914.0, 654.0, 484.0, 278.0, 0.9156, -1, -1, -1
1152, 253, 915.0, 634.0, 491.0, 260.0, 0.9275, -1, -1, -1
1153, 253, 913.0, 610.0, 493.0, 244.0, 0.9178, -1, -1, -1
1154, 253, 917.0, 596.0, 507.0, 238.0, 0.9247, -1, -1, -1
1155, 253, 916.0, 577.0, 504.0, 226.0, 0.9282, -1, -1, -1
1156, 253, 920.0, 558.0, 522.0, 209.0, 0.9330, -1, -1, -1
1157, 253, 920.0, 543.0, 527.0, 204.0, 0.9216, -1, -1, -1
1158, 253, 925.0, 528.0, 539.0, 192.0, 0.9418, -1, -1, -1
1159, 253, 923.0, 513.0, 540.0, 184.0, 0.9303, -1, -1, -1
1160, 253, 924.0, 500.0, 548.0, 181.0, 0.9329, -1, -1, -1
1161, 253, 923.0, 485.0, 555.0, 166.0, 0.9271, -1, -1, -1
1162, 253, 915.0, 469.0, 544.0, 154.0, 0.9308, -1, -1, -1
1163, 253, 915.0, 459.0, 550.0, 153.0, 0.9260, -1, -1, -1
1164, 253, 912.0, 445.0, 551.0, 139.0, 0.9240, -1, -1, -1
1165, 253, 911.0, 431.0, 551.0, 129.0, 0.9261, -1, -1, -1
1166, 253, 905.0, 420.0, 546.0, 125.0, 0.9379, -1, -1, -1
1167, 253, 906.0, 411.0, 556.0, 120.0, 0.9325, -1, -1, -1
1168, 253, 907.0, 398.0, 560.0, 106.0, 0.9309, -1, -1, -1
1169, 253, 906.0, 388.0, 564.0, 104.0, 0.9333, -1, -1, -1
1170, 253, 908.0, 376.0, 575.0, 93.0, 0.9382, -1, -1, -1
1171, 253, 908.0, 367.0, 583.0, 88.0, 0.9348, -1, -1, -1
1172, 253, 909.0, 361.0, 590.0, 88.0, 0.9393, -1, -1, -1
1173, 253, 910.0, 350.0, 596.0, 77.0, 0.9315, -1, -1, -1
1174, 253, 910.0, 343.0, 602.0, 76.0, 0.9352, -1, -1, -1
1175, 253, 911.0, 335.0, 605.0, 71.0, 0.9376, -1, -1, -1
1176, 253, 913.0, 328.0, 612.0, 69.0, 0.9271, -1, -1, -1
1177, 253, 915.0, 321.0, 622.0, 64.0, 0.9240, -1, -1, -1
1178, 253, 915.0, 314.0, 627.0, 63.0, 0.9378, -1, -1, -1
1179, 253, 917.0, 307.0, 631.0, 56.0, 0.9326, -1, -1, -1
1180, 253, 916.0, 301.0, 632.0, 55.0, 0.9310, -1, -1, -1
1181, 253, 919.0, 296.0, 640.0, 56.0, 0.9283, -1, -1, -1
1182, 253, 923.0, 291.0, 650.0, 58.0, 0.9406, -1, -1, -1
1183, 253, 920.0, 283.0, 648.0, 47.0, 0.9348, -1, -1, -1
1184, 253, 923.0, 276.0, 657.0, 44.0, 0.9352, -1, -1, -1
1185, 253, 925.0, 272.0, 664.0, 41.0, 0.9346, -1, -1, -1
1186, 253, 924.0, 265.0, 665.0, 36.0, 0.9369, -1, -1, -1
1187, 253, 928.0, 260.0, 677.0, 35.0, 0.9358, -1, -1, -1
1188, 253, 929.0, 254.0, 682.0, 29.0, 0.9244, -1, -1, -1
1189, 253, 930.0, 251.0, 686.0, 27.0, 0.9254, -1, -1, -1
1190, 253, 929.0, 247.0, 687.0, 27.0, 0.9294, -1, -1, -1
1191, 253, 929.0, 242.0, 688.0, 25.0, 0.9265, -1, -1, -1
1192, 253, 930.0, 238.0, 693.0, 23.0, 0.9276, -1, -1, -1
1193, 253, 932.0, 234.0, 698.0, 19.0, 0.9304, -1, -1, -1
1194, 253, 932.0, 230.0, 699.0, 17.0, 0.9317, -1, -1, -1
1195, 253, 931.0, 228.0, 700.0, 19.0, 0.9341, -1, -1, -1
1196, 253, 932.0, 222.0, 703.0, 13.0, 0.9267, -1, -1, -1
1197, 253, 931.0, 219.0, 706.0, 12.0, 0.9279, -1, -1, -1
1198, 253, 931.0, 216.0, 707.0, 12.0, 0.9273, -1, -1, -1
1199, 253, 930.0, 212.0, 706.0, 11.0, 0.9280, -1, -1, -1
1200, 253, 930.0, 210.0, 709.0, 11.0, 0.9281, -1, -1, -1
1201, 253, 929.0, 207.0, 710.0, 11.0, 0.9264, -1, -1, -1
1202, 253, 928.0, 205.0, 711.0, 11.0, 0.9256, -1, -1, -1
1203, 253, 926.0, 200.0, 711.0, 6.0, 0.9240, -1, -1, -1
1204, 253, 926.0, 198.0, 712.0, 7.0, 0.9244, -1, -1, -1
1205, 253, 926.0, 195.0, 713.0, 7.0, 0.9275, -1, -1, -1
1206, 253, 926.0, 192.0, 718.0, 5.0, 0.9318, -1, -1, -1
1207, 253, 926.0, 191.0, 721.0, 9.0, 0.9302, -1, -1, -1
1208, 253, 923.0, 187.0, 717.0, 6.0, 0.9217, -1, -1, -1
1209, 253, 922.0, 182.0, 718.0, 3.0, 0.9207, -1, -1, -1
1210, 253, 922.0, 180.0, 719.0, 3.0, 0.9208, -1, -1, -1
1211, 253, 919.0, 178.0, 717.0, 3.0, 0.9258, -1, -1, -1
1212, 253, 919.0, 174.0, 720.0, 1.0, 0.9240, -1, -1, -1
1213, 253, 918.0, 171.0, 721.0, 1.0, 0.9197, -1, -1, -1
1214, 253, 917.0, 169.0, 721.0, 2.0, 0.9212, -1, -1, -1
1215, 253, 916.0, 166.0, 720.0, 5.0, 0.9213, -1, -1, -1
1216, 253, 914.0, 161.0, 717.0, 9.0, 0.9236, -1, -1, -1
1217, 253, 913.0, 158.0, 717.0, 12.0, 0.9273, -1, -1, -1
1218, 253, 913.0, 157.0, 723.0, 10.0, 0.9252, -1, -1, -1
1219, 253, 910.0, 153.0, 716.0, 14.0, 0.9251, -1, -1, -1
1160, 254, 653.0, 172.0, 470.0, 21.0, 0.9305, -1, -1, -1
1161, 254, 652.0, 176.0, 467.0, 25.0, 0.9243, -1, -1, -1
1162, 254, 651.0, 180.0, 467.0, 24.0, 0.9339, -1, -1, -1
1163, 254, 647.0, 184.0, 460.0, 29.0, 0.9350, -1, -1, -1
1164, 254, 644.0, 188.0, 454.0, 28.0, 0.9293, -1, -1, -1
1165, 254, 641.0, 193.0, 448.0, 33.0, 0.9304, -1, -1, -1
1166, 254, 641.0, 199.0, 450.0, 37.0, 0.9319, -1, -1, -1
1167, 254, 638.0, 207.0, 444.0, 48.0, 0.9278, -1, -1, -1
1168, 254, 634.0, 209.0, 436.0, 45.0, 0.9261, -1, -1, -1
1169, 254, 629.0, 213.0, 427.0, 48.0, 0.9271, -1, -1, -1
1170, 254, 628.0, 218.0, 424.0, 49.0, 0.9222, -1, -1, -1
1171, 254, 625.0, 221.0, 420.0, 51.0, 0.9194, -1, -1, -1
1172, 254, 622.0, 226.0, 413.0, 54.0, 0.9255, -1, -1, -1
1173, 254, 620.0, 229.0, 412.0, 51.0, 0.9287, -1, -1, -1
1174, 254, 617.0, 236.0, 403.0, 61.0, 0.9255, -1, -1, -1
1175, 254, 614.0, 239.0, 395.0, 60.0, 0.9281, -1, -1, -1
1176, 254, 610.0, 243.0, 386.0, 61.0, 0.9310, -1, -1, -1
1177, 254, 606.0, 249.0, 376.0, 64.0, 0.9263, -1, -1, -1
1178, 254, 601.0, 252.0, 366.0, 60.0, 0.9375, -1, -1, -1
1179, 254, 596.0, 257.0, 354.0, 58.0, 0.9481, -1, -1, -1
1180, 254, 593.0, 266.0, 346.0, 66.0, 0.9518, -1, -1, -1
1181, 254, 590.0, 275.0, 340.0, 71.0, 0.9344, -1, -1, -1
1182, 254, 585.0, 284.0, 330.0, 81.0, 0.9307, -1, -1, -1
1183, 254, 579.0, 290.0, 318.0, 78.0, 0.9377, -1, -1, -1
1184, 254, 576.0, 302.0, 311.0, 89.0, 0.9570, -1, -1, -1
1185, 254, 575.0, 310.0, 311.0, 89.0, 0.9350, -1, -1, -1
1186, 254, 567.0, 326.0, 293.0, 108.0, 0.9318, -1, -1, -1
1187, 254, 563.0, 336.0, 285.0, 112.0, 0.9342, -1, -1, -1
1188, 254, 559.0, 351.0, 278.0, 125.0, 0.9304, -1, -1, -1
1189, 254, 555.0, 359.0, 269.0, 129.0, 0.9255, -1, -1, -1
1190, 254, 546.0, 374.0, 250.0, 139.0, 0.9349, -1, -1, -1
1191, 254, 544.0, 386.0, 244.0, 144.0, 0.9271, -1, -1, -1
1192, 254, 536.0, 404.0, 228.0, 165.0, 0.9287, -1, -1, -1
1193, 254, 528.0, 421.0, 214.0, 181.0, 0.9395, -1, -1, -1
1194, 254, 526.0, 434.0, 206.0, 184.0, 0.9359, -1, -1, -1
1195, 254, 520.0, 450.0, 194.0, 197.0, 0.9344, -1, -1, -1
1196, 254, 515.0, 471.0, 185.0, 219.0, 0.9345, -1, -1, -1
1197, 254, 512.0, 483.0, 181.0, 217.0, 0.9270, -1, -1, -1
1198, 254, 502.0, 502.0, 158.0, 230.0, 0.9272, -1, -1, -1
1199, 254, 498.0, 523.0, 151.0, 243.0, 0.9279, -1, -1, -1
1200, 254, 483.0, 547.0, 123.0, 263.0, 0.9237, -1, -1, -1
1201, 254, 473.0, 572.0, 109.0, 289.0, 0.9248, -1, -1, -1
1202, 254, 460.0, 598.0, 87.0, 306.0, 0.9143, -1, -1, -1
1203, 254, 448.0, 619.0, 70.0, 317.0, 0.9224, -1, -1, -1
1204, 254, 434.0, 649.0, 49.0, 341.0, 0.9155, -1, -1, -1
1205, 254, 413.0, 672.0, 15.0, 348.0, 0.9148, -1, -1, -1
1206, 254, 396.0, 700.0, 9.0, 375.0, 0.9221, -1, -1, -1
1207, 254, 369.0, 726.0, 61.0, 386.0, 0.9052, -1, -1, -1
1208, 254, 333.0, 762.0, 116.0, 445.0, 0.7993, -1, -1, -1
1249, 255, 870.0, 104.0, 711.0, 30.0, 0.9382, -1, -1, -1
1250, 255, 870.0, 104.0, 715.0, 27.0, 0.9326, -1, -1, -1
1251, 255, 868.0, 101.0, 713.0, 31.0, 0.9312, -1, -1, -1
1252, 255, 867.0, 99.0, 712.0, 34.0, 0.9359, -1, -1, -1
1253, 255, 865.0, 96.0, 709.0, 37.0, 0.9354, -1, -1, -1
1254, 255, 863.0, 97.0, 709.0, 35.0, 0.9321, -1, -1, -1
1255, 255, 863.0, 95.0, 712.0, 36.0, 0.9332, -1, -1, -1
1256, 255, 861.0, 94.0, 710.0, 36.0, 0.9326, -1, -1, -1
1257, 255, 860.0, 93.0, 710.0, 36.0, 0.9283, -1, -1, -1
1258, 255, 858.0, 92.0, 706.0, 37.0, 0.9323, -1, -1, -1
1259, 255, 857.0, 90.0, 706.0, 38.0, 0.9293, -1, -1, -1
1260, 255, 856.0, 90.0, 707.0, 37.0, 0.9238, -1, -1, -1
1261, 255, 856.0, 89.0, 709.0, 40.0, 0.9250, -1, -1, -1
1262, 255, 854.0, 88.0, 706.0, 40.0, 0.9339, -1, -1, -1
1263, 255, 854.0, 88.0, 709.0, 38.0, 0.9338, -1, -1, -1
1264, 255, 852.0, 86.0, 707.0, 39.0, 0.9369, -1, -1, -1
1265, 255, 851.0, 86.0, 707.0, 38.0, 0.9364, -1, -1, -1
1266, 255, 848.0, 83.0, 702.0, 44.0, 0.9464, -1, -1, -1
1267, 255, 847.0, 81.0, 703.0, 47.0, 0.9430, -1, -1, -1
1268, 255, 846.0, 79.0, 702.0, 50.0, 0.9424, -1, -1, -1
1269, 255, 844.0, 78.0, 700.0, 50.0, 0.9387, -1, -1, -1
1270, 255, 843.0, 76.0, 700.0, 52.0, 0.9396, -1, -1, -1
1271, 255, 841.0, 75.0, 698.0, 52.0, 0.9406, -1, -1, -1
1272, 255, 838.0, 73.0, 693.0, 55.0, 0.9414, -1, -1, -1
1273, 255, 837.0, 71.0, 692.0, 55.0, 0.9403, -1, -1, -1
1274, 255, 837.0, 70.0, 694.0, 56.0, 0.9341, -1, -1, -1
1275, 255, 836.0, 70.0, 694.0, 55.0, 0.9325, -1, -1, -1
1276, 255, 834.0, 70.0, 692.0, 55.0, 0.9318, -1, -1, -1
1277, 255, 833.0, 69.0, 691.0, 55.0, 0.9366, -1, -1, -1
1278, 255, 832.0, 69.0, 691.0, 54.0, 0.9372, -1, -1, -1
1279, 255, 831.0, 69.0, 692.0, 52.0, 0.9315, -1, -1, -1
1280, 255, 830.0, 68.0, 691.0, 52.0, 0.9364, -1, -1, -1
1281, 255, 829.0, 67.0, 691.0, 53.0, 0.9366, -1, -1, -1
1282, 255, 829.0, 65.0, 693.0, 55.0, 0.9296, -1, -1, -1
1283, 255, 828.0, 64.0, 693.0, 55.0, 0.9291, -1, -1, -1
1284, 255, 827.0, 63.0, 692.0, 57.0, 0.9281, -1, -1, -1
1285, 255, 827.0, 62.0, 694.0, 56.0, 0.9245, -1, -1, -1
1286, 255, 828.0, 62.0, 696.0, 55.0, 0.9253, -1, -1, -1
1287, 255, 826.0, 60.0, 693.0, 58.0, 0.9261, -1, -1, -1
1288, 255, 825.0, 59.0, 692.0, 59.0, 0.9249, -1, -1, -1
1289, 255, 824.0, 60.0, 691.0, 58.0, 0.9280, -1, -1, -1
1290, 255, 824.0, 58.0, 691.0, 61.0, 0.9294, -1, -1, -1
1291, 255, 823.0, 57.0, 690.0, 61.0, 0.9294, -1, -1, -1
1292, 255, 822.0, 53.0, 689.0, 66.0, 0.9235, -1, -1, -1
1293, 255, 821.0, 53.0, 689.0, 66.0, 0.9171, -1, -1, -1
1294, 255, 821.0, 52.0, 689.0, 67.0, 0.9172, -1, -1, -1
1295, 255, 820.0, 51.0, 689.0, 68.0, 0.9191, -1, -1, -1
1296, 255, 819.0, 51.0, 687.0, 68.0, 0.9163, -1, -1, -1
1297, 255, 818.0, 50.0, 687.0, 69.0, 0.9233, -1, -1, -1
1298, 255, 818.0, 50.0, 688.0, 69.0, 0.9164, -1, -1, -1
1299, 255, 818.0, 48.0, 688.0, 72.0, 0.9197, -1, -1, -1
1300, 255, 818.0, 48.0, 689.0, 72.0, 0.9172, -1, -1, -1
1301, 255, 816.0, 47.0, 686.0, 73.0, 0.9133, -1, -1, -1
1302, 255, 814.0, 47.0, 683.0, 72.0, 0.9130, -1, -1, -1
1303, 255, 814.0, 47.0, 684.0, 71.0, 0.9148, -1, -1, -1
1304, 255, 814.0, 48.0, 684.0, 69.0, 0.9160, -1, -1, -1
1305, 255, 812.0, 48.0, 680.0, 70.0, 0.9180, -1, -1, -1
1306, 255, 811.0, 48.0, 680.0, 69.0, 0.9177, -1, -1, -1
1307, 255, 810.0, 49.0, 680.0, 66.0, 0.9150, -1, -1, -1
1308, 255, 810.0, 49.0, 680.0, 67.0, 0.9182, -1, -1, -1
1309, 255, 807.0, 48.0, 676.0, 68.0, 0.9207, -1, -1, -1
1310, 255, 805.0, 48.0, 676.0, 68.0, 0.9231, -1, -1, -1
1311, 255, 803.0, 48.0, 674.0, 66.0, 0.9215, -1, -1, -1
1312, 255, 802.0, 49.0, 672.0, 66.0, 0.9193, -1, -1, -1
1313, 255, 802.0, 48.0, 673.0, 66.0, 0.9166, -1, -1, -1
1314, 255, 802.0, 48.0, 673.0, 66.0, 0.9164, -1, -1, -1
1315, 255, 801.0, 48.0, 672.0, 67.0, 0.9146, -1, -1, -1
1316, 255, 800.0, 49.0, 671.0, 65.0, 0.9121, -1, -1, -1
1317, 255, 800.0, 50.0, 672.0, 63.0, 0.9108, -1, -1, -1
1318, 255, 799.0, 49.0, 669.0, 64.0, 0.9124, -1, -1, -1
1319, 255, 798.0, 49.0, 669.0, 64.0, 0.9115, -1, -1, -1
1320, 255, 794.0, 50.0, 664.0, 63.0, 0.9147, -1, -1, -1
1321, 255, 792.0, 54.0, 666.0, 53.0, 0.9163, -1, -1, -1
1322, 255, 792.0, 55.0, 668.0, 51.0, 0.9149, -1, -1, -1
1323, 255, 792.0, 56.0, 672.0, 49.0, 0.9119, -1, -1, -1
1324, 255, 791.0, 57.0, 672.0, 46.0, 0.9083, -1, -1, -1
1325, 255, 789.0, 56.0, 668.0, 49.0, 0.8986, -1, -1, -1
1326, 255, 789.0, 56.0, 670.0, 48.0, 0.8932, -1, -1, -1
1327, 255, 789.0, 56.0, 670.0, 47.0, 0.8953, -1, -1, -1
1328, 255, 786.0, 59.0, 670.0, 41.0, 0.8803, -1, -1, -1
1329, 255, 782.0, 60.0, 665.0, 39.0, 0.8472, -1, -1, -1
1330, 255, 777.0, 63.0, 658.0, 34.0, 0.8634, -1, -1, -1
1331, 255, 773.0, 66.0, 655.0, 28.0, 0.8481, -1, -1, -1
1332, 255, 769.0, 67.0, 655.0, 27.0, 0.7591, -1, -1, -1
1334, 255, 762.0, 71.0, 653.0, 21.0, 0.7390, -1, -1, -1
1335, 255, 761.0, 71.0, 652.0, 21.0, 0.7835, -1, -1, -1
1336, 255, 761.0, 72.0, 654.0, 17.0, 0.7293, -1, -1, -1
1337, 255, 759.0, 71.0, 653.0, 18.0, 0.7209, -1, -1, -1
1338, 255, 760.0, 73.0, 657.0, 16.0, 0.7348, -1, -1, -1
1357, 256, 737.0, 75.0, 636.0, 15.0, 0.6134, -1, -1, -1
1358, 256, 732.0, 76.0, 631.0, 15.0, 0.7141, -1, -1, -1
1359, 256, 728.0, 76.0, 625.0, 17.0, 0.6553, -1, -1, -1
1418, 257, 943.0, 836.0, 506.0, 593.0, 0.8363, -1, -1, -1
1419, 257, 954.0, 808.0, 529.0, 537.0, 0.8881, -1, -1, -1
1420, 257, 961.0, 780.0, 543.0, 481.0, 0.9095, -1, -1, -1
1421, 257, 964.0, 753.0, 553.0, 427.0, 0.9055, -1, -1, -1
1422, 257, 973.0, 725.0, 576.0, 385.0, 0.9242, -1, -1, -1
1423, 257, 975.0, 699.0, 579.0, 365.0, 0.9222, -1, -1, -1
1424, 257, 977.0, 669.0, 591.0, 337.0, 0.9329, -1, -1, -1
1425, 257, 980.0, 646.0, 604.0, 327.0, 0.9379, -1, -1, -1
1426, 257, 981.0, 618.0, 609.0, 297.0, 0.9422, -1, -1, -1
1427, 257, 982.0, 599.0, 615.0, 289.0, 0.9299, -1, -1, -1
1428, 257, 980.0, 579.0, 623.0, 275.0, 0.9402, -1, -1, -1
1429, 257, 982.0, 562.0, 632.0, 266.0, 0.9343, -1, -1, -1
1430, 257, 982.0, 539.0, 635.0, 244.0, 0.9403, -1, -1, -1
1431, 257, 984.0, 521.0, 646.0, 233.0, 0.9409, -1, -1, -1
1432, 257, 983.0, 505.0, 645.0, 223.0, 0.9265, -1, -1, -1
1433, 257, 982.0, 486.0, 648.0, 206.0, 0.9362, -1, -1, -1
1434, 257, 979.0, 469.0, 647.0, 197.0, 0.9327, -1, -1, -1
1435, 257, 976.0, 455.0, 646.0, 188.0, 0.9329, -1, -1, -1
1436, 257, 974.0, 441.0, 652.0, 175.0, 0.9399, -1, -1, -1
1437, 257, 974.0, 430.0, 654.0, 172.0, 0.9428, -1, -1, -1
1438, 257, 971.0, 420.0, 659.0, 168.0, 0.9492, -1, -1, -1
1439, 257, 968.0, 405.0, 664.0, 155.0, 0.9371, -1, -1, -1
1440, 257, 966.0, 392.0, 667.0, 146.0, 0.9382, -1, -1, -1
1441, 257, 963.0, 380.0, 664.0, 135.0, 0.9439, -1, -1, -1
1442, 257, 960.0, 370.0, 668.0, 133.0, 0.9413, -1, -1, -1
1443, 257, 959.0, 358.0, 672.0, 121.0, 0.9306, -1, -1, -1
1444, 257, 956.0, 350.0, 675.0, 118.0, 0.9412, -1, -1, -1
1445, 257, 953.0, 341.0, 677.0, 111.0, 0.9478, -1, -1, -1
1446, 257, 953.0, 331.0, 685.0, 105.0, 0.9491, -1, -1, -1
1447, 257, 950.0, 324.0, 682.0, 99.0, 0.9486, -1, -1, -1
1448, 257, 947.0, 315.0, 682.0, 95.0, 0.9351, -1, -1, -1
1449, 257, 945.0, 307.0, 683.0, 86.0, 0.9480, -1, -1, -1
1450, 257, 943.0, 300.0, 685.0, 86.0, 0.9554, -1, -1, -1
1451, 257, 941.0, 293.0, 687.0, 81.0, 0.9469, -1, -1, -1
1452, 257, 940.0, 284.0, 690.0, 74.0, 0.9370, -1, -1, -1
1453, 257, 939.0, 282.0, 694.0, 78.0, 0.9350, -1, -1, -1
1454, 257, 937.0, 276.0, 699.0, 74.0, 0.9339, -1, -1, -1
1455, 257, 933.0, 267.0, 695.0, 64.0, 0.9380, -1, -1, -1
1456, 257, 931.0, 264.0, 698.0, 67.0, 0.9295, -1, -1, -1
1457, 257, 928.0, 258.0, 696.0, 62.0, 0.9238, -1, -1, -1
1458, 257, 926.0, 254.0, 698.0, 62.0, 0.9234, -1, -1, -1
1459, 257, 924.0, 249.0, 699.0, 60.0, 0.9250, -1, -1, -1
1460, 257, 923.0, 243.0, 700.0, 54.0, 0.9266, -1, -1, -1
1461, 257, 919.0, 237.0, 696.0, 49.0, 0.9364, -1, -1, -1
1462, 257, 919.0, 232.0, 700.0, 46.0, 0.9377, -1, -1, -1
1463, 257, 917.0, 229.0, 699.0, 46.0, 0.9367, -1, -1, -1
1464, 257, 917.0, 225.0, 706.0, 45.0, 0.9249, -1, -1, -1
1465, 257, 915.0, 219.0, 706.0, 38.0, 0.9247, -1, -1, -1
1466, 257, 913.0, 217.0, 705.0, 43.0, 0.9297, -1, -1, -1
1467, 257, 910.0, 213.0, 701.0, 40.0, 0.9297, -1, -1, -1
1468, 257, 908.0, 209.0, 702.0, 39.0, 0.9259, -1, -1, -1
1469, 257, 908.0, 204.0, 707.0, 33.0, 0.9226, -1, -1, -1
1470, 257, 904.0, 200.0, 701.0, 31.0, 0.9281, -1, -1, -1
1471, 257, 903.0, 196.0, 705.0, 29.0, 0.9252, -1, -1, -1
1472, 257, 901.0, 193.0, 703.0, 29.0, 0.9270, -1, -1, -1
1473, 257, 898.0, 190.0, 702.0, 31.0, 0.9325, -1, -1, -1
1474, 257, 897.0, 184.0, 702.0, 22.0, 0.9282, -1, -1, -1
1475, 257, 895.0, 181.0, 701.0, 23.0, 0.9301, -1, -1, -1
1476, 257, 894.0, 178.0, 702.0, 22.0, 0.9311, -1, -1, -1
1477, 257, 892.0, 174.0, 701.0, 17.0, 0.9272, -1, -1, -1
1478, 257, 892.0, 172.0, 706.0, 20.0, 0.9307, -1, -1, -1
1479, 257, 891.0, 169.0, 706.0, 20.0, 0.9310, -1, -1, -1
1480, 257, 889.0, 164.0, 705.0, 14.0, 0.9264, -1, -1, -1
1481, 257, 888.0, 161.0, 706.0, 13.0, 0.9355, -1, -1, -1
1482, 257, 887.0, 158.0, 707.0, 12.0, 0.9369, -1, -1, -1
1483, 257, 885.0, 154.0, 707.0, 8.0, 0.9351, -1, -1, -1
1484, 257, 883.0, 151.0, 706.0, 7.0, 0.9332, -1, -1, -1
1493, 258, 871.0, 134.0, 707.0, 1.0, 0.9354, -1, -1, -1
1494, 258, 871.0, 132.0, 710.0, 2.0, 0.9326, -1, -1, -1
1495, 258, 868.0, 130.0, 708.0, 0.0, 0.9439, -1, -1, -1
1496, 258, 866.0, 128.0, 708.0, 1.0, 0.9427, -1, -1, -1
1497, 258, 865.0, 125.0, 708.0, 4.0, 0.9357, -1, -1, -1
1498, 258, 863.0, 123.0, 707.0, 7.0, 0.9256, -1, -1, -1
1499, 258, 862.0, 121.0, 709.0, 7.0, 0.9255, -1, -1, -1
1500, 258, 861.0, 120.0, 711.0, 5.0, 0.9198, -1, -1, -1
1501, 258, 860.0, 119.0, 711.0, 5.0, 0.9214, -1, -1, -1
1502, 258, 859.0, 117.0, 710.0, 8.0, 0.9167, -1, -1, -1
1503, 258, 858.0, 115.0, 710.0, 10.0, 0.9205, -1, -1, -1
1504, 258, 857.0, 113.0, 713.0, 9.0, 0.9287, -1, -1, -1
1505, 258, 855.0, 111.0, 712.0, 10.0, 0.9355, -1, -1, -1
1506, 258, 854.0, 108.0, 712.0, 13.0, 0.9486, -1, -1, -1
1507, 258, 851.0, 104.0, 707.0, 17.0, 0.9477, -1, -1, -1
1508, 258, 851.0, 101.0, 709.0, 21.0, 0.9437, -1, -1, -1
1509, 258, 850.0, 99.0, 709.0, 22.0, 0.9406, -1, -1, -1
1510, 258, 847.0, 95.0, 705.0, 28.0, 0.9300, -1, -1, -1
1511, 258, 847.0, 94.0, 707.0, 28.0, 0.9339, -1, -1, -1
1512, 258, 846.0, 91.0, 705.0, 32.0, 0.9431, -1, -1, -1
1513, 258, 845.0, 89.0, 704.0, 32.0, 0.9362, -1, -1, -1
1514, 258, 843.0, 88.0, 703.0, 32.0, 0.9345, -1, -1, -1
1515, 258, 842.0, 88.0, 702.0, 33.0, 0.9293, -1, -1, -1
1516, 258, 840.0, 85.0, 699.0, 36.0, 0.9246, -1, -1, -1
1517, 258, 837.0, 83.0, 695.0, 38.0, 0.9262, -1, -1, -1
1518, 258, 836.0, 80.0, 693.0, 42.0, 0.9335, -1, -1, -1
1519, 258, 835.0, 78.0, 693.0, 44.0, 0.9293, -1, -1, -1
1520, 258, 833.0, 77.0, 691.0, 45.0, 0.9288, -1, -1, -1
1521, 258, 831.0, 75.0, 690.0, 46.0, 0.9261, -1, -1, -1
1522, 258, 830.0, 75.0, 688.0, 44.0, 0.9240, -1, -1, -1
1523, 258, 830.0, 74.0, 691.0, 44.0, 0.9241, -1, -1, -1
1524, 258, 829.0, 72.0, 688.0, 46.0, 0.9245, -1, -1, -1
1525, 258, 828.0, 71.0, 689.0, 47.0, 0.9369, -1, -1, -1
1526, 258, 827.0, 71.0, 688.0, 45.0, 0.9229, -1, -1, -1
1527, 258, 826.0, 71.0, 689.0, 44.0, 0.9214, -1, -1, -1
1528, 258, 828.0, 70.0, 694.0, 42.0, 0.9226, -1, -1, -1
1529, 258, 826.0, 68.0, 691.0, 45.0, 0.9196, -1, -1, -1
1530, 258, 826.0, 67.0, 691.0, 45.0, 0.9146, -1, -1, -1
1531, 258, 827.0, 67.0, 695.0, 43.0, 0.9174, -1, -1, -1
1532, 258, 826.0, 67.0, 695.0, 42.0, 0.9124, -1, -1, -1
1533, 258, 825.0, 65.0, 695.0, 44.0, 0.9173, -1, -1, -1
1534, 258, 824.0, 63.0, 695.0, 46.0, 0.9152, -1, -1, -1
1535, 258, 822.0, 62.0, 693.0, 47.0, 0.9094, -1, -1, -1
1536, 258, 822.0, 60.0, 692.0, 51.0, 0.9084, -1, -1, -1
1537, 258, 822.0, 58.0, 692.0, 54.0, 0.9007, -1, -1, -1
1538, 258, 821.0, 61.0, 689.0, 47.0, 0.8949, -1, -1, -1
1539, 258, 820.0, 59.0, 687.0, 49.0, 0.8756, -1, -1, -1
1540, 258, 820.0, 58.0, 689.0, 51.0, 0.8914, -1, -1, -1
1541, 258, 821.0, 58.0, 693.0, 50.0, 0.8889, -1, -1, -1
1542, 258, 821.0, 60.0, 694.0, 45.0, 0.8413, -1, -1, -1
1543, 258, 821.0, 63.0, 695.0, 39.0, 0.7435, -1, -1, -1
1560, 259, 689.0, 54.0, 571.0, 51.0, 0.6419, -1, -1, -1
1567, 259, 696.0, 51.0, 574.0, 57.0, 0.6267, -1, -1, -1
1568, 259, 697.0, 50.0, 573.0, 59.0, 0.6225, -1, -1, -1
1569, 259, 698.0, 50.0, 572.0, 59.0, 0.6262, -1, -1, -1
1568, 260, 957.0, 861.0, 490.0, 643.0, 0.7399, -1, -1, -1
1569, 260, 970.0, 822.0, 520.0, 565.0, 0.8897, -1, -1, -1
1570, 260, 977.0, 798.0, 540.0, 517.0, 0.9102, -1, -1, -1
1571, 260, 980.0, 765.0, 546.0, 451.0, 0.9005, -1, -1, -1
1572, 260, 985.0, 737.0, 563.0, 395.0, 0.9138, -1, -1, -1
1573, 260, 986.0, 711.0, 564.0, 343.0, 0.9100, -1, -1, -1
1574, 260, 987.0, 688.0, 575.0, 301.0, 0.9307, -1, -1, -1
1575, 260, 988.0, 655.0, 581.0, 269.0, 0.9196, -1, -1, -1
1576, 260, 989.0, 629.0, 597.0, 249.0, 0.9330, -1, -1, -1
1577, 260, 988.0, 607.0, 601.0, 242.0, 0.9351, -1, -1, -1
1578, 260, 986.0, 582.0, 603.0, 221.0, 0.9395, -1, -1, -1
1579, 260, 982.0, 559.0, 605.0, 204.0, 0.9354, -1, -1, -1
1580, 260, 981.0, 539.0, 611.0, 189.0, 0.9380, -1, -1, -1
1581, 260, 979.0, 520.0, 615.0, 180.0, 0.9337, -1, -1, -1
1582, 260, 974.0, 503.0, 616.0, 169.0, 0.9363, -1, -1, -1
1583, 260, 970.0, 486.0, 616.0, 161.0, 0.9336, -1, -1, -1
1584, 260, 965.0, 464.0, 614.0, 136.0, 0.9248, -1, -1, -1
1585, 260, 959.0, 452.0, 610.0, 132.0, 0.9304, -1, -1, -1
1586, 260, 955.0, 439.0, 614.0, 131.0, 0.9291, -1, -1, -1
1587, 260, 950.0, 422.0, 616.0, 116.0, 0.9384, -1, -1, -1
1588, 260, 947.0, 410.0, 615.0, 112.0, 0.9301, -1, -1, -1
1589, 260, 942.0, 398.0, 616.0, 105.0, 0.9249, -1, -1, -1
1590, 260, 940.0, 385.0, 623.0, 96.0, 0.9309, -1, -1, -1
1591, 260, 937.0, 372.0, 627.0, 86.0, 0.9464, -1, -1, -1
1592, 260, 935.0, 363.0, 630.0, 86.0, 0.9378, -1, -1, -1
1593, 260, 929.0, 351.0, 629.0, 75.0, 0.9385, -1, -1, -1
1594, 260, 928.0, 340.0, 634.0, 70.0, 0.9415, -1, -1, -1
1595, 260, 925.0, 329.0, 633.0, 62.0, 0.9373, -1, -1, -1
1596, 260, 923.0, 321.0, 637.0, 60.0, 0.9436, -1, -1, -1
1597, 260, 921.0, 315.0, 641.0, 61.0, 0.9410, -1, -1, -1
1598, 260, 921.0, 304.0, 644.0, 50.0, 0.9316, -1, -1, -1
1599, 260, 923.0, 295.0, 654.0, 44.0, 0.9229, -1, -1, -1
1600, 260, 923.0, 288.0, 658.0, 42.0, 0.9294, -1, -1, -1
1601, 260, 920.0, 280.0, 660.0, 36.0, 0.9278, -1, -1, -1
1602, 260, 922.0, 274.0, 668.0, 37.0, 0.9413, -1, -1, -1
1603, 260, 922.0, 265.0, 672.0, 28.0, 0.9330, -1, -1, -1
1604, 260, 923.0, 258.0, 678.0, 27.0, 0.9258, -1, -1, -1
1605, 260, 922.0, 251.0, 680.0, 20.0, 0.9227, -1, -1, -1
1606, 260, 922.0, 247.0, 684.0, 19.0, 0.9306, -1, -1, -1
1607, 260, 921.0, 243.0, 685.0, 20.0, 0.9368, -1, -1, -1
1608, 260, 921.0, 237.0, 688.0, 16.0, 0.9368, -1, -1, -1
1609, 260, 922.0, 231.0, 692.0, 10.0, 0.9333, -1, -1, -1
1610, 260, 924.0, 226.0, 698.0, 9.0, 0.9289, -1, -1, -1
1611, 260, 925.0, 222.0, 703.0, 10.0, 0.9296, -1, -1, -1
1612, 260, 925.0, 217.0, 705.0, 6.0, 0.9294, -1, -1, -1
1613, 260, 924.0, 213.0, 705.0, 5.0, 0.9348, -1, -1, -1
1614, 260, 923.0, 211.0, 704.0, 5.0, 0.9391, -1, -1, -1
1615, 260, 922.0, 204.0, 705.0, 2.0, 0.9367, -1, -1, -1
1616, 260, 922.0, 202.0, 707.0, 2.0, 0.9312, -1, -1, -1
1617, 260, 920.0, 198.0, 706.0, 2.0, 0.9303, -1, -1, -1
1618, 260, 921.0, 193.0, 712.0, 4.0, 0.9276, -1, -1, -1
1619, 260, 922.0, 191.0, 717.0, 4.0, 0.9266, -1, -1, -1
1620, 260, 922.0, 188.0, 719.0, 4.0, 0.9281, -1, -1, -1
1621, 260, 923.0, 184.0, 725.0, 5.0, 0.9268, -1, -1, -1
1622, 260, 922.0, 179.0, 723.0, 8.0, 0.9280, -1, -1, -1
1623, 260, 921.0, 175.0, 724.0, 10.0, 0.9484, -1, -1, -1
1624, 260, 920.0, 172.0, 724.0, 12.0, 0.9486, -1, -1, -1
1625, 260, 919.0, 166.0, 725.0, 16.0, 0.9241, -1, -1, -1
1626, 260, 917.0, 163.0, 723.0, 19.0, 0.9381, -1, -1, -1
1627, 260, 915.0, 159.0, 720.0, 21.0, 0.9238, -1, -1, -1
1628, 260, 914.0, 155.0, 723.0, 23.0, 0.9370, -1, -1, -1
1629, 260, 913.0, 152.0, 724.0, 24.0, 0.9352, -1, -1, -1
1588, 261, 705.0, 47.0, 582.0, 65.0, 0.6212, -1, -1, -1
1589, 261, 705.0, 47.0, 582.0, 64.0, 0.6017, -1, -1, -1
1592, 261, 706.0, 47.0, 579.0, 68.0, 0.6034, -1, -1, -1
1593, 261, 706.0, 47.0, 579.0, 70.0, 0.7250, -1, -1, -1
1594, 261, 706.0, 48.0, 578.0, 69.0, 0.7994, -1, -1, -1
1595, 261, 706.0, 48.0, 578.0, 70.0, 0.7940, -1, -1, -1
1596, 261, 707.0, 48.0, 579.0, 71.0, 0.8159, -1, -1, -1
1597, 261, 706.0, 49.0, 578.0, 70.0, 0.8169, -1, -1, -1
1598, 261, 707.0, 51.0, 578.0, 65.0, 0.8409, -1, -1, -1
1599, 261, 707.0, 52.0, 577.0, 66.0, 0.8846, -1, -1, -1
1600, 261, 707.0, 53.0, 575.0, 63.0, 0.8870, -1, -1, -1
1601, 261, 706.0, 54.0, 572.0, 63.0, 0.8911, -1, -1, -1
1602, 261, 705.0, 55.0, 571.0, 63.0, 0.9046, -1, -1, -1
1603, 261, 705.0, 56.0, 570.0, 62.0, 0.9111, -1, -1, -1
1604, 261, 705.0, 57.0, 570.0, 61.0, 0.9133, -1, -1, -1
1605, 261, 704.0, 58.0, 568.0, 62.0, 0.9139, -1, -1, -1
1606, 261, 703.0, 60.0, 566.0, 59.0, 0.9200, -1, -1, -1
1607, 261, 703.0, 60.0, 565.0, 61.0, 0.9193, -1, -1, -1
1608, 261, 701.0, 60.0, 562.0, 62.0, 0.9220, -1, -1, -1
1609, 261, 700.0, 62.0, 560.0, 60.0, 0.9211, -1, -1, -1
1610, 261, 699.0, 62.0, 559.0, 61.0, 0.9264, -1, -1, -1
1611, 261, 698.0, 62.0, 558.0, 63.0, 0.9316, -1, -1, -1
1612, 261, 698.0, 65.0, 559.0, 60.0, 0.9297, -1, -1, -1
1613, 261, 695.0, 65.0, 555.0, 62.0, 0.9320, -1, -1, -1
1614, 261, 692.0, 66.0, 550.0, 61.0, 0.9322, -1, -1, -1
1615, 261, 690.0, 68.0, 548.0, 59.0, 0.9238, -1, -1, -1
1616, 261, 691.0, 69.0, 550.0, 57.0, 0.9245, -1, -1, -1
1617, 261, 690.0, 70.0, 549.0, 57.0, 0.9268, -1, -1, -1
1618, 261, 688.0, 69.0, 545.0, 61.0, 0.9233, -1, -1, -1
1619, 261, 685.0, 70.0, 542.0, 61.0, 0.9249, -1, -1, -1
1620, 261, 684.0, 71.0, 541.0, 61.0, 0.9276, -1, -1, -1
1621, 261, 682.0, 70.0, 540.0, 64.0, 0.9246, -1, -1, -1
1622, 261, 681.0, 71.0, 539.0, 64.0, 0.9229, -1, -1, -1
1623, 261, 680.0, 73.0, 538.0, 61.0, 0.9277, -1, -1, -1
1624, 261, 679.0, 75.0, 537.0, 58.0, 0.9296, -1, -1, -1
1625, 261, 677.0, 77.0, 535.0, 56.0, 0.9246, -1, -1, -1
1626, 261, 675.0, 77.0, 532.0, 56.0, 0.9289, -1, -1, -1
1627, 261, 675.0, 78.0, 533.0, 55.0, 0.9305, -1, -1, -1
1628, 261, 673.0, 78.0, 532.0, 57.0, 0.9343, -1, -1, -1
1629, 261, 671.0, 79.0, 529.0, 56.0, 0.9330, -1, -1, -1
1630, 261, 671.0, 80.0, 530.0, 55.0, 0.9356, -1, -1, -1
1658, 262, 871.0, 94.0, 729.0, 40.0, 0.9200, -1, -1, -1
1659, 262, 869.0, 94.0, 728.0, 38.0, 0.9281, -1, -1, -1
1660, 262, 869.0, 92.0, 730.0, 39.0, 0.9161, -1, -1, -1
1661, 262, 867.0, 91.0, 728.0, 37.0, 0.9076, -1, -1, -1
1662, 262, 863.0, 89.0, 723.0, 41.0, 0.9215, -1, -1, -1
1663, 262, 862.0, 88.0, 722.0, 41.0, 0.9219, -1, -1, -1
1664, 262, 862.0, 88.0, 723.0, 37.0, 0.9088, -1, -1, -1
1665, 262, 860.0, 88.0, 722.0, 36.0, 0.9009, -1, -1, -1
1666, 262, 859.0, 85.0, 721.0, 40.0, 0.9104, -1, -1, -1
1667, 262, 858.0, 82.0, 721.0, 44.0, 0.9142, -1, -1, -1
1668, 262, 856.0, 80.0, 719.0, 47.0, 0.9141, -1, -1, -1
1669, 262, 853.0, 78.0, 715.0, 49.0, 0.9171, -1, -1, -1
1670, 262, 852.0, 78.0, 715.0, 48.0, 0.9094, -1, -1, -1
1671, 262, 850.0, 77.0, 712.0, 48.0, 0.9067, -1, -1, -1
1672, 262, 849.0, 77.0, 713.0, 47.0, 0.9041, -1, -1, -1
1673, 262, 848.0, 77.0, 713.0, 45.0, 0.9120, -1, -1, -1
1674, 262, 845.0, 71.0, 706.0, 53.0, 0.9210, -1, -1, -1
1675, 262, 845.0, 74.0, 707.0, 46.0, 0.9241, -1, -1, -1
1676, 262, 845.0, 73.0, 707.0, 48.0, 0.9187, -1, -1, -1
1677, 262, 843.0, 72.0, 704.0, 50.0, 0.9185, -1, -1, -1
1678, 262, 841.0, 72.0, 702.0, 46.0, 0.9092, -1, -1, -1
1679, 262, 838.0, 69.0, 698.0, 51.0, 0.9019, -1, -1, -1
1680, 262, 836.0, 67.0, 694.0, 52.0, 0.8999, -1, -1, -1
1681, 262, 836.0, 66.0, 696.0, 54.0, 0.9001, -1, -1, -1
1682, 262, 835.0, 63.0, 697.0, 57.0, 0.9244, -1, -1, -1
1683, 262, 835.0, 61.0, 698.0, 59.0, 0.9194, -1, -1, -1
1684, 262, 834.0, 60.0, 696.0, 60.0, 0.9123, -1, -1, -1
1685, 262, 833.0, 60.0, 696.0, 58.0, 0.9092, -1, -1, -1
1686, 262, 834.0, 60.0, 700.0, 58.0, 0.8988, -1, -1, -1
1687, 262, 834.0, 59.0, 700.0, 57.0, 0.8084, -1, -1, -1
1688, 262, 834.0, 58.0, 702.0, 57.0, 0.8219, -1, -1, -1
1689, 262, 833.0, 58.0, 702.0, 57.0, 0.8702, -1, -1, -1
1690, 262, 833.0, 57.0, 702.0, 58.0, 0.7671, -1, -1, -1
1683, 263, 615.0, 174.0, 416.0, 6.0, 0.9383, -1, -1, -1
1684, 263, 613.0, 177.0, 413.0, 4.0, 0.9359, -1, -1, -1
1685, 263, 613.0, 178.0, 412.0, 9.0, 0.9280, -1, -1, -1
1686, 263, 613.0, 182.0, 411.0, 4.0, 0.9267, -1, -1, -1
1687, 263, 612.0, 185.0, 409.0, 1.0, 0.9254, -1, -1, -1
1688, 263, 611.0, 188.0, 407.0, 1.0, 0.9240, -1, -1, -1
1689, 263, 612.0, 191.0, 407.0, 3.0, 0.9261, -1, -1, -1
1690, 263, 611.0, 192.0, 404.0, 3.0, 0.9245, -1, -1, -1
1691, 263, 611.0, 194.0, 401.0, 2.0, 0.9241, -1, -1, -1
1692, 263, 610.0, 196.0, 400.0, 4.0, 0.9281, -1, -1, -1
1693, 263, 610.0, 199.0, 398.0, 8.0, 0.9310, -1, -1, -1
1694, 263, 609.0, 202.0, 395.0, 11.0, 0.9310, -1, -1, -1
1695, 263, 609.0, 203.0, 394.0, 9.0, 0.9326, -1, -1, -1
1696, 263, 609.0, 205.0, 393.0, 9.0, 0.9343, -1, -1, -1
1697, 263, 609.0, 206.0, 391.0, 9.0, 0.9369, -1, -1, -1
1698, 263, 610.0, 208.0, 389.0, 8.0, 0.9407, -1, -1, -1
1699, 263, 610.0, 209.0, 388.0, 7.0, 0.9415, -1, -1, -1
1700, 263, 611.0, 211.0, 387.0, 8.0, 0.9474, -1, -1, -1
1701, 263, 611.0, 214.0, 387.0, 10.0, 0.9465, -1, -1, -1
1702, 263, 611.0, 217.0, 384.0, 11.0, 0.9343, -1, -1, -1
1703, 263, 611.0, 219.0, 382.0, 11.0, 0.9317, -1, -1, -1
1704, 263, 612.0, 221.0, 382.0, 11.0, 0.9301, -1, -1, -1
1705, 263, 614.0, 224.0, 381.0, 12.0, 0.9304, -1, -1, -1
1706, 263, 615.0, 226.0, 382.0, 11.0, 0.9301, -1, -1, -1
1707, 263, 615.0, 229.0, 378.0, 10.0, 0.9327, -1, -1, -1
1708, 263, 615.0, 231.0, 377.0, 8.0, 0.9309, -1, -1, -1
1709, 263, 615.0, 236.0, 374.0, 13.0, 0.9309, -1, -1, -1
1710, 263, 617.0, 240.0, 375.0, 16.0, 0.9308, -1, -1, -1
1711, 263, 619.0, 246.0, 376.0, 20.0, 0.9300, -1, -1, -1
1712, 263, 620.0, 248.0, 374.0, 18.0, 0.9234, -1, -1, -1
1713, 263, 621.0, 252.0, 373.0, 17.0, 0.9233, -1, -1, -1
1714, 263, 621.0, 252.0, 371.0, 13.0, 0.9255, -1, -1, -1
1715, 263, 619.0, 258.0, 364.0, 17.0, 0.9323, -1, -1, -1
1716, 263, 619.0, 263.0, 363.0, 21.0, 0.9383, -1, -1, -1
1717, 263, 619.0, 271.0, 364.0, 29.0, 0.9350, -1, -1, -1
1718, 263, 617.0, 274.0, 360.0, 29.0, 0.9283, -1, -1, -1
1719, 263, 618.0, 279.0, 360.0, 32.0, 0.9119, -1, -1, -1
1720, 263, 614.0, 281.0, 349.0, 27.0, 0.9230, -1, -1, -1
1721, 263, 613.0, 289.0, 343.0, 33.0, 0.9242, -1, -1, -1
1722, 263, 611.0, 291.0, 335.0, 28.0, 0.9253, -1, -1, -1
1723, 263, 611.0, 300.0, 336.0, 35.0, 0.9293, -1, -1, -1
1724, 263, 610.0, 305.0, 332.0, 39.0, 0.9297, -1, -1, -1
1725, 263, 610.0, 313.0, 333.0, 44.0, 0.9230, -1, -1, -1
1726, 263, 607.0, 315.0, 322.0, 40.0, 0.9264, -1, -1, -1
1727, 263, 604.0, 324.0, 314.0, 49.0, 0.9283, -1, -1, -1
1728, 263, 599.0, 330.0, 306.0, 50.0, 0.9300, -1, -1, -1
1729, 263, 598.0, 334.0, 303.0, 47.0, 0.9322, -1, -1, -1
1730, 263, 599.0, 345.0, 303.0, 57.0, 0.9233, -1, -1, -1
1731, 263, 594.0, 351.0, 294.0, 58.0, 0.9249, -1, -1, -1
1732, 263, 592.0, 359.0, 287.0, 64.0, 0.9268, -1, -1, -1
1733, 263, 587.0, 367.0, 277.0, 67.0, 0.9227, -1, -1, -1
1734, 263, 587.0, 376.0, 278.0, 76.0, 0.9247, -1, -1, -1
1735, 263, 586.0, 384.0, 275.0, 79.0, 0.9223, -1, -1, -1
1736, 263, 581.0, 392.0, 264.0, 82.0, 0.9220, -1, -1, -1
1737, 263, 575.0, 395.0, 246.0, 75.0, 0.9292, -1, -1, -1
1738, 263, 573.0, 405.0, 239.0, 84.0, 0.9226, -1, -1, -1
1739, 263, 572.0, 413.0, 236.0, 85.0, 0.9249, -1, -1, -1
1740, 263, 569.0, 424.0, 230.0, 97.0, 0.9316, -1, -1, -1
1741, 263, 566.0, 435.0, 223.0, 105.0, 0.9316, -1, -1, -1
1742, 263, 563.0, 451.0, 217.0, 120.0, 0.9241, -1, -1, -1
1743, 263, 563.0, 458.0, 216.0, 124.0, 0.9252, -1, -1, -1
1744, 263, 559.0, 466.0, 209.0, 122.0, 0.9265, -1, -1, -1
1745, 263, 557.0, 480.0, 205.0, 132.0, 0.9180, -1, -1, -1
1746, 263, 556.0, 488.0, 205.0, 130.0, 0.9230, -1, -1, -1
1747, 263, 551.0, 500.0, 192.0, 139.0, 0.9293, -1, -1, -1
1748, 263, 546.0, 508.0, 185.0, 137.0, 0.9227, -1, -1, -1
1749, 263, 541.0, 526.0, 180.0, 155.0, 0.9283, -1, -1, -1
1750, 263, 535.0, 531.0, 168.0, 146.0, 0.9328, -1, -1, -1
1751, 263, 528.0, 547.0, 154.0, 155.0, 0.9319, -1, -1, -1
1752, 263, 518.0, 563.0, 136.0, 169.0, 0.9308, -1, -1, -1
1753, 263, 510.0, 576.0, 124.0, 173.0, 0.9240, -1, -1, -1
1754, 263, 506.0, 590.0, 117.0, 181.0, 0.9284, -1, -1, -1
1755, 263, 495.0, 606.0, 102.0, 194.0, 0.9213, -1, -1, -1
1756, 263, 486.0, 624.0, 82.0, 207.0, 0.9216, -1, -1, -1
1757, 263, 477.0, 632.0, 65.0, 204.0, 0.9270, -1, -1, -1
1758, 263, 465.0, 650.0, 46.0, 221.0, 0.9154, -1, -1, -1
1759, 263, 455.0, 670.0, 28.0, 261.0, 0.9051, -1, -1, -1
1760, 263, 449.0, 679.0, 18.0, 279.0, 0.9018, -1, -1, -1
1761, 263, 435.0, 701.0, 7.0, 323.0, 0.8648, -1, -1, -1
1762, 263, 429.0, 720.0, 12.0, 361.0, 0.8601, -1, -1, -1
1763, 263, 417.0, 726.0, 38.0, 373.0, 0.8688, -1, -1, -1
1764, 263, 386.0, 749.0, 92.0, 419.0, 0.7945, -1, -1, -1
1765, 263, 383.0, 769.0, 94.0, 459.0, 0.6564, -1, -1, -1
1764, 264, 1150.0, 656.0, 679.0, 233.0, 0.8863, -1, -1, -1
1765, 264, 1140.0, 629.0, 680.0, 179.0, 0.9082, -1, -1, -1
1766, 264, 1124.0, 613.0, 662.0, 162.0, 0.9082, -1, -1, -1
1767, 264, 1117.0, 600.0, 670.0, 156.0, 0.9248, -1, -1, -1
1768, 264, 1115.0, 584.0, 680.0, 149.0, 0.9241, -1, -1, -1
1769, 264, 1102.0, 572.0, 670.0, 145.0, 0.9028, -1, -1, -1
1770, 264, 1087.0, 540.0, 652.0, 104.0, 0.9235, -1, -1, -1
1771, 264, 1081.0, 528.0, 659.0, 104.0, 0.9252, -1, -1, -1
1772, 264, 1067.0, 505.0, 651.0, 79.0, 0.9219, -1, -1, -1
1773, 264, 1060.0, 486.0, 652.0, 64.0, 0.9241, -1, -1, -1
1774, 264, 1048.0, 479.0, 647.0, 68.0, 0.9215, -1, -1, -1
1775, 264, 1036.0, 464.0, 641.0, 64.0, 0.9242, -1, -1, -1
1776, 264, 1029.0, 447.0, 643.0, 45.0, 0.9256, -1, -1, -1
1777, 264, 1024.0, 436.0, 646.0, 42.0, 0.9258, -1, -1, -1
1778, 264, 1011.0, 421.0, 629.0, 29.0, 0.9323, -1, -1, -1
1779, 264, 1003.0, 410.0, 632.0, 25.0, 0.9156, -1, -1, -1
1780, 264, 997.0, 399.0, 627.0, 23.0, 0.9186, -1, -1, -1
1781, 264, 989.0, 384.0, 623.0, 14.0, 0.9355, -1, -1, -1
1782, 264, 979.0, 375.0, 611.0, 12.0, 0.9301, -1, -1, -1
1783, 264, 974.0, 362.0, 614.0, 5.0, 0.9103, -1, -1, -1
1784, 264, 969.0, 354.0, 610.0, 1.0, 0.9192, -1, -1, -1
1785, 264, 967.0, 344.0, 615.0, 5.0, 0.9195, -1, -1, -1
1786, 264, 963.0, 333.0, 622.0, 18.0, 0.9225, -1, -1, -1
1787, 264, 958.0, 325.0, 623.0, 17.0, 0.9247, -1, -1, -1
1788, 264, 955.0, 315.0, 625.0, 25.0, 0.9303, -1, -1, -1
1789, 264, 956.0, 306.0, 635.0, 30.0, 0.9291, -1, -1, -1
1790, 264, 954.0, 301.0, 638.0, 29.0, 0.9274, -1, -1, -1
1791, 264, 948.0, 293.0, 631.0, 32.0, 0.9218, -1, -1, -1
1792, 264, 946.0, 292.0, 634.0, 23.0, 0.9193, -1, -1, -1
1793, 264, 946.0, 285.0, 640.0, 29.0, 0.9199, -1, -1, -1
1794, 264, 945.0, 277.0, 644.0, 32.0, 0.9199, -1, -1, -1
1795, 264, 944.0, 271.0, 649.0, 34.0, 0.9199, -1, -1, -1
1796, 264, 944.0, 265.0, 658.0, 37.0, 0.9208, -1, -1, -1
1797, 264, 941.0, 259.0, 656.0, 39.0, 0.9237, -1, -1, -1
1798, 264, 945.0, 254.0, 666.0, 43.0, 0.9212, -1, -1, -1
1799, 264, 943.0, 248.0, 664.0, 48.0, 0.9235, -1, -1, -1
1800, 264, 943.0, 242.0, 667.0, 49.0, 0.9189, -1, -1, -1
1801, 264, 945.0, 235.0, 675.0, 52.0, 0.9197, -1, -1, -1
1802, 264, 946.0, 230.0, 679.0, 53.0, 0.9222, -1, -1, -1
1803, 264, 946.0, 225.0, 681.0, 55.0, 0.9252, -1, -1, -1
1804, 264, 946.0, 220.0, 683.0, 59.0, 0.9270, -1, -1, -1
1805, 264, 948.0, 215.0, 690.0, 60.0, 0.9279, -1, -1, -1
1806, 264, 950.0, 210.0, 695.0, 65.0, 0.9312, -1, -1, -1
1807, 264, 951.0, 207.0, 698.0, 66.0, 0.9278, -1, -1, -1
1808, 264, 953.0, 204.0, 703.0, 67.0, 0.9241, -1, -1, -1
1809, 264, 953.0, 205.0, 705.0, 59.0, 0.9290, -1, -1, -1
1810, 264, 953.0, 201.0, 708.0, 62.0, 0.9275, -1, -1, -1
1811, 264, 955.0, 198.0, 714.0, 62.0, 0.9271, -1, -1, -1
1812, 264, 956.0, 195.0, 720.0, 64.0, 0.9280, -1, -1, -1
1813, 264, 958.0, 194.0, 722.0, 58.0, 0.9290, -1, -1, -1
1814, 264, 959.0, 190.0, 727.0, 61.0, 0.9262, -1, -1, -1
1815, 264, 960.0, 188.0, 728.0, 61.0, 0.9298, -1, -1, -1
1816, 264, 963.0, 186.0, 736.0, 60.0, 0.9310, -1, -1, -1
1817, 264, 965.0, 186.0, 741.0, 57.0, 0.9313, -1, -1, -1
1818, 264, 964.0, 181.0, 739.0, 64.0, 0.9338, -1, -1, -1
1819, 264, 965.0, 181.0, 741.0, 59.0, 0.9358, -1, -1, -1
1820, 264, 966.0, 175.0, 741.0, 67.0, 0.9363, -1, -1, -1
1821, 264, 967.0, 172.0, 743.0, 69.0, 0.9351, -1, -1, -1
1822, 264, 969.0, 168.0, 742.0, 72.0, 0.9331, -1, -1, -1
1823, 264, 973.0, 165.0, 748.0, 75.0, 0.9309, -1, -1, -1
1824, 264, 976.0, 165.0, 751.0, 72.0, 0.9290, -1, -1, -1
1825, 264, 981.0, 161.0, 750.0, 75.0, 0.9287, -1, -1, -1
1826, 264, 990.0, 159.0, 764.0, 74.0, 0.9309, -1, -1, -1
1827, 264, 998.0, 156.0, 777.0, 76.0, 0.9193, -1, -1, -1
1829, 264, 1016.0, 149.0, 789.0, 83.0, 0.9220, -1, -1, -1
1830, 264, 1023.0, 149.0, 794.0, 78.0, 0.9205, -1, -1, -1
1831, 264, 1033.0, 146.0, 805.0, 81.0, 0.9135, -1, -1, -1
1832, 264, 1049.0, 144.0, 825.0, 79.0, 0.9084, -1, -1, -1
1847, 265, 1313.0, 116.0, 1084.0, 80.0, 0.7832, -1, -1, -1
1848, 265, 1319.0, 112.0, 1072.0, 86.0, 0.8763, -1, -1, -1
1849, 265, 1330.0, 110.0, 1070.0, 85.0, 0.8250, -1, -1, -1
1850, 265, 1365.0, 105.0, 1124.0, 90.0, 0.8010, -1, -1, -1
1882, 266, 680.0, 67.0, 554.0, 31.0, 0.6375, -1, -1, -1
1887, 266, 684.0, 66.0, 556.0, 31.0, 0.6784, -1, -1, -1
1888, 266, 684.0, 65.0, 556.0, 33.0, 0.7361, -1, -1, -1
1889, 266, 685.0, 64.0, 557.0, 37.0, 0.7946, -1, -1, -1
1890, 266, 686.0, 64.0, 559.0, 38.0, 0.7775, -1, -1, -1
1891, 266, 686.0, 65.0, 560.0, 36.0, 0.7270, -1, -1, -1
1892, 266, 687.0, 65.0, 564.0, 35.0, 0.6506, -1, -1, -1
1893, 266, 688.0, 65.0, 562.0, 36.0, 0.6041, -1, -1, -1
1897, 266, 689.0, 64.0, 560.0, 37.0, 0.7172, -1, -1, -1
1898, 266, 690.0, 61.0, 562.0, 43.0, 0.8431, -1, -1, -1
1899, 266, 690.0, 62.0, 559.0, 42.0, 0.8729, -1, -1, -1
1900, 266, 692.0, 61.0, 563.0, 44.0, 0.8789, -1, -1, -1
1901, 266, 693.0, 61.0, 564.0, 45.0, 0.8824, -1, -1, -1
1902, 266, 694.0, 62.0, 565.0, 43.0, 0.8801, -1, -1, -1
1903, 266, 695.0, 62.0, 567.0, 44.0, 0.8793, -1, -1, -1
1904, 266, 695.0, 61.0, 566.0, 47.0, 0.8910, -1, -1, -1
1905, 266, 698.0, 61.0, 571.0, 46.0, 0.8994, -1, -1, -1
1906, 266, 698.0, 63.0, 570.0, 44.0, 0.8996, -1, -1, -1
1907, 266, 699.0, 64.0, 571.0, 44.0, 0.9042, -1, -1, -1
1908, 266, 699.0, 64.0, 570.0, 45.0, 0.9070, -1, -1, -1
1909, 266, 700.0, 65.0, 570.0, 44.0, 0.9099, -1, -1, -1
1910, 266, 702.0, 66.0, 574.0, 42.0, 0.9113, -1, -1, -1
1911, 266, 703.0, 67.0, 575.0, 41.0, 0.9160, -1, -1, -1
1912, 266, 702.0, 68.0, 573.0, 41.0, 0.9193, -1, -1, -1
1913, 266, 700.0, 69.0, 570.0, 40.0, 0.9264, -1, -1, -1
1914, 266, 700.0, 70.0, 569.0, 39.0, 0.9296, -1, -1, -1
1915, 266, 700.0, 71.0, 569.0, 38.0, 0.9324, -1, -1, -1
1916, 266, 699.0, 71.0, 567.0, 39.0, 0.9315, -1, -1, -1
1917, 266, 697.0, 72.0, 563.0, 37.0, 0.9384, -1, -1, -1
1918, 266, 696.0, 72.0, 560.0, 39.0, 0.9415, -1, -1, -1
1919, 266, 696.0, 73.0, 561.0, 40.0, 0.9284, -1, -1, -1
1920, 266, 696.0, 74.0, 562.0, 40.0, 0.9267, -1, -1, -1
1921, 266, 695.0, 74.0, 559.0, 43.0, 0.9255, -1, -1, -1
1922, 266, 694.0, 75.0, 558.0, 41.0, 0.9286, -1, -1, -1
1923, 266, 692.0, 75.0, 554.0, 43.0, 0.9267, -1, -1, -1
1924, 266, 691.0, 76.0, 552.0, 43.0, 0.9233, -1, -1, -1
1925, 266, 691.0, 77.0, 552.0, 43.0, 0.9203, -1, -1, -1
1926, 266, 690.0, 78.0, 550.0, 42.0, 0.9148, -1, -1, -1
1927, 266, 690.0, 80.0, 550.0, 41.0, 0.9144, -1, -1, -1
1928, 266, 690.0, 83.0, 551.0, 36.0, 0.9179, -1, -1, -1
1929, 266, 690.0, 85.0, 550.0, 34.0, 0.9210, -1, -1, -1
1930, 266, 689.0, 86.0, 548.0, 34.0, 0.9217, -1, -1, -1
1931, 266, 688.0, 87.0, 546.0, 35.0, 0.9168, -1, -1, -1
1932, 266, 687.0, 87.0, 543.0, 37.0, 0.9298, -1, -1, -1
1933, 266, 688.0, 89.0, 546.0, 35.0, 0.9233, -1, -1, -1
1934, 266, 688.0, 91.0, 546.0, 34.0, 0.9227, -1, -1, -1
1935, 266, 687.0, 93.0, 546.0, 32.0, 0.9153, -1, -1, -1
1936, 266, 686.0, 94.0, 543.0, 33.0, 0.9161, -1, -1, -1
1937, 266, 684.0, 95.0, 540.0, 33.0, 0.9151, -1, -1, -1
1938, 266, 682.0, 96.0, 537.0, 33.0, 0.9215, -1, -1, -1
1939, 266, 682.0, 97.0, 537.0, 32.0, 0.9156, -1, -1, -1
1940, 266, 681.0, 99.0, 536.0, 31.0, 0.9128, -1, -1, -1
1941, 266, 680.0, 101.0, 535.0, 29.0, 0.9128, -1, -1, -1
1942, 266, 677.0, 104.0, 529.0, 25.0, 0.9284, -1, -1, -1
1943, 266, 677.0, 103.0, 531.0, 30.0, 0.9188, -1, -1, -1
1944, 266, 675.0, 109.0, 529.0, 21.0, 0.9259, -1, -1, -1
1945, 266, 672.0, 114.0, 523.0, 15.0, 0.9315, -1, -1, -1
1946, 266, 671.0, 116.0, 522.0, 13.0, 0.9317, -1, -1, -1
1968, 267, 608.0, 172.0, 421.0, 21.0, 0.9276, -1, -1, -1
1969, 267, 607.0, 177.0, 418.0, 26.0, 0.9273, -1, -1, -1
1970, 267, 606.0, 181.0, 417.0, 31.0, 0.9207, -1, -1, -1
1971, 267, 606.0, 184.0, 417.0, 30.0, 0.9325, -1, -1, -1
1972, 267, 604.0, 187.0, 413.0, 30.0, 0.9325, -1, -1, -1
1973, 267, 602.0, 189.0, 409.0, 28.0, 0.9291, -1, -1, -1
1974, 267, 601.0, 191.0, 406.0, 27.0, 0.9278, -1, -1, -1
1975, 267, 601.0, 195.0, 407.0, 30.0, 0.9293, -1, -1, -1
1976, 267, 600.0, 201.0, 405.0, 39.0, 0.9324, -1, -1, -1
1977, 267, 598.0, 206.0, 400.0, 42.0, 0.9311, -1, -1, -1
1978, 267, 598.0, 209.0, 398.0, 43.0, 0.9358, -1, -1, -1
1979, 267, 596.0, 211.0, 394.0, 42.0, 0.9278, -1, -1, -1
1980, 267, 595.0, 214.0, 391.0, 42.0, 0.9250, -1, -1, -1
1981, 267, 593.0, 219.0, 388.0, 50.0, 0.9211, -1, -1, -1
1982, 267, 592.0, 223.0, 384.0, 52.0, 0.9224, -1, -1, -1
1983, 267, 590.0, 226.0, 380.0, 52.0, 0.9264, -1, -1, -1
1984, 267, 588.0, 229.0, 375.0, 54.0, 0.9267, -1, -1, -1
1985, 267, 588.0, 231.0, 371.0, 53.0, 0.9265, -1, -1, -1
1986, 267, 586.0, 235.0, 366.0, 57.0, 0.9298, -1, -1, -1
1987, 267, 585.0, 240.0, 364.0, 59.0, 0.9280, -1, -1, -1
1988, 267, 582.0, 244.0, 357.0, 61.0, 0.9258, -1, -1, -1
1989, 267, 577.0, 250.0, 346.0, 67.0, 0.9224, -1, -1, -1
1990, 267, 576.0, 253.0, 342.0, 64.0, 0.9181, -1, -1, -1
1991, 267, 574.0, 258.0, 338.0, 63.0, 0.9208, -1, -1, -1
1992, 267, 572.0, 260.0, 335.0, 64.0, 0.9229, -1, -1, -1
1993, 267, 567.0, 267.0, 324.0, 63.0, 0.9282, -1, -1, -1
1994, 267, 563.0, 275.0, 317.0, 71.0, 0.9251, -1, -1, -1
1995, 267, 562.0, 280.0, 313.0, 72.0, 0.9303, -1, -1, -1
1996, 267, 558.0, 292.0, 304.0, 83.0, 0.9359, -1, -1, -1
1997, 267, 553.0, 303.0, 296.0, 96.0, 0.9424, -1, -1, -1
1998, 267, 550.0, 311.0, 290.0, 102.0, 0.9435, -1, -1, -1
1999, 267, 547.0, 323.0, 284.0, 112.0, 0.9254, -1, -1, -1
2000, 267, 540.0, 332.0, 272.0, 118.0, 0.9341, -1, -1, -1
2001, 267, 538.0, 343.0, 269.0, 125.0, 0.9430, -1, -1, -1
2002, 267, 535.0, 352.0, 264.0, 130.0, 0.9473, -1, -1, -1
2003, 267, 530.0, 360.0, 254.0, 135.0, 0.9236, -1, -1, -1
2004, 267, 527.0, 376.0, 250.0, 151.0, 0.9315, -1, -1, -1
2005, 267, 521.0, 389.0, 236.0, 161.0, 0.9351, -1, -1, -1
2006, 267, 516.0, 401.0, 227.0, 170.0, 0.9372, -1, -1, -1
2007, 267, 514.0, 412.0, 221.0, 178.0, 0.9245, -1, -1, -1
2008, 267, 511.0, 428.0, 215.0, 192.0, 0.9277, -1, -1, -1
2009, 267, 505.0, 445.0, 199.0, 205.0, 0.9209, -1, -1, -1
2010, 267, 498.0, 456.0, 184.0, 207.0, 0.9280, -1, -1, -1
2011, 267, 492.0, 469.0, 174.0, 218.0, 0.9273, -1, -1, -1
2012, 267, 490.0, 481.0, 164.0, 224.0, 0.9287, -1, -1, -1
2013, 267, 487.0, 495.0, 159.0, 230.0, 0.9308, -1, -1, -1
2014, 267, 484.0, 508.0, 151.0, 230.0, 0.9179, -1, -1, -1
2015, 267, 480.0, 533.0, 144.0, 257.0, 0.9339, -1, -1, -1
2016, 267, 470.0, 553.0, 125.0, 267.0, 0.9356, -1, -1, -1
2017, 267, 465.0, 573.0, 122.0, 283.0, 0.9298, -1, -1, -1
2018, 267, 458.0, 594.0, 109.0, 294.0, 0.9133, -1, -1, -1
2019, 267, 443.0, 615.0, 87.0, 308.0, 0.9181, -1, -1, -1
2020, 267, 432.0, 637.0, 66.0, 322.0, 0.9209, -1, -1, -1
2021, 267, 414.0, 658.0, 32.0, 326.0, 0.9207, -1, -1, -1
2022, 267, 398.0, 686.0, 6.0, 355.0, 0.9139, -1, -1, -1
2023, 267, 370.0, 705.0, 42.0, 360.0, 0.9063, -1, -1, -1
2024, 267, 352.0, 725.0, 68.0, 375.0, 0.8844, -1, -1, -1
2025, 267, 314.0, 763.0, 131.0, 447.0, 0.8293, -1, -1, -1
2026, 267, 284.0, 797.0, 169.0, 515.0, 0.8326, -1, -1, -1
2045, 268, 1143.0, 888.0, 734.0, 697.0, 0.6682, -1, -1, -1
2046, 268, 1144.0, 864.0, 743.0, 649.0, 0.8169, -1, -1, -1
2047, 268, 1141.0, 830.0, 743.0, 581.0, 0.6870, -1, -1, -1
2048, 268, 1135.0, 796.0, 741.0, 513.0, 0.8695, -1, -1, -1
2049, 268, 1134.0, 768.0, 736.0, 457.0, 0.9148, -1, -1, -1
2050, 268, 1130.0, 744.0, 736.0, 409.0, 0.9023, -1, -1, -1
2051, 268, 1131.0, 719.0, 750.0, 396.0, 0.9190, -1, -1, -1
2052, 268, 1127.0, 698.0, 751.0, 380.0, 0.9358, -1, -1, -1
2053, 268, 1123.0, 668.0, 756.0, 350.0, 0.9172, -1, -1, -1
2054, 268, 1118.0, 645.0, 758.0, 338.0, 0.9201, -1, -1, -1
2055, 268, 1114.0, 622.0, 759.0, 319.0, 0.9247, -1, -1, -1
2056, 268, 1106.0, 600.0, 752.0, 301.0, 0.9202, -1, -1, -1
2057, 268, 1093.0, 581.0, 736.0, 285.0, 0.9344, -1, -1, -1
2058, 268, 1086.0, 563.0, 745.0, 274.0, 0.9290, -1, -1, -1
2059, 268, 1077.0, 543.0, 737.0, 257.0, 0.9392, -1, -1, -1
2060, 268, 1069.0, 528.0, 729.0, 249.0, 0.9292, -1, -1, -1
2061, 268, 1062.0, 511.0, 731.0, 236.0, 0.9280, -1, -1, -1
2062, 268, 1053.0, 497.0, 730.0, 228.0, 0.9266, -1, -1, -1
2063, 268, 1043.0, 477.0, 729.0, 213.0, 0.9110, -1, -1, -1
2064, 268, 1034.0, 461.0, 715.0, 203.0, 0.9288, -1, -1, -1
2065, 268, 1028.0, 450.0, 727.0, 196.0, 0.9231, -1, -1, -1
2066, 268, 1021.0, 439.0, 719.0, 189.0, 0.9365, -1, -1, -1
2067, 268, 1013.0, 427.0, 715.0, 182.0, 0.9287, -1, -1, -1
2068, 268, 1004.0, 415.0, 710.0, 173.0, 0.9364, -1, -1, -1
2069, 268, 998.0, 399.0, 714.0, 157.0, 0.9290, -1, -1, -1
2070, 268, 989.0, 386.0, 706.0, 144.0, 0.9486, -1, -1, -1
2071, 268, 986.0, 378.0, 710.0, 145.0, 0.9468, -1, -1, -1
2072, 268, 980.0, 370.0, 708.0, 141.0, 0.9360, -1, -1, -1
2073, 268, 973.0, 363.0, 706.0, 141.0, 0.9324, -1, -1, -1
2074, 268, 971.0, 349.0, 706.0, 125.0, 0.9269, -1, -1, -1
2075, 268, 969.0, 341.0, 715.0, 123.0, 0.9369, -1, -1, -1
2076, 268, 966.0, 331.0, 713.0, 110.0, 0.9361, -1, -1, -1
2077, 268, 967.0, 321.0, 718.0, 104.0, 0.9303, -1, -1, -1
2078, 268, 965.0, 316.0, 719.0, 105.0, 0.9268, -1, -1, -1
2079, 268, 965.0, 311.0, 724.0, 106.0, 0.9399, -1, -1, -1
2080, 268, 965.0, 304.0, 730.0, 102.0, 0.9315, -1, -1, -1
2081, 268, 964.0, 300.0, 732.0, 102.0, 0.9267, -1, -1, -1
2082, 268, 963.0, 290.0, 733.0, 92.0, 0.9276, -1, -1, -1
2083, 268, 965.0, 282.0, 741.0, 85.0, 0.9216, -1, -1, -1
2084, 268, 963.0, 277.0, 742.0, 80.0, 0.9335, -1, -1, -1
2085, 268, 964.0, 270.0, 750.0, 75.0, 0.9234, -1, -1, -1
2086, 268, 963.0, 267.0, 751.0, 76.0, 0.9146, -1, -1, -1
2087, 268, 962.0, 262.0, 751.0, 75.0, 0.9145, -1, -1, -1
2088, 268, 962.0, 257.0, 754.0, 72.0, 0.9237, -1, -1, -1
2089, 268, 960.0, 254.0, 751.0, 74.0, 0.9305, -1, -1, -1
2090, 268, 963.0, 249.0, 761.0, 70.0, 0.9252, -1, -1, -1
2091, 268, 962.0, 243.0, 762.0, 65.0, 0.9161, -1, -1, -1
2092, 268, 960.0, 239.0, 758.0, 64.0, 0.9320, -1, -1, -1
2093, 268, 960.0, 233.0, 760.0, 57.0, 0.9306, -1, -1, -1
2094, 268, 960.0, 228.0, 762.0, 54.0, 0.9279, -1, -1, -1
2095, 268, 961.0, 223.0, 765.0, 49.0, 0.9201, -1, -1, -1
2096, 268, 959.0, 219.0, 764.0, 49.0, 0.9367, -1, -1, -1
2097, 268, 959.0, 214.0, 766.0, 45.0, 0.9295, -1, -1, -1
2098, 268, 961.0, 208.0, 772.0, 38.0, 0.9260, -1, -1, -1
2099, 268, 960.0, 204.0, 772.0, 38.0, 0.9291, -1, -1, -1
2100, 268, 960.0, 199.0, 773.0, 32.0, 0.9293, -1, -1, -1
2101, 268, 959.0, 196.0, 774.0, 31.0, 0.9356, -1, -1, -1
2102, 268, 958.0, 193.0, 774.0, 31.0, 0.9309, -1, -1, -1
2103, 268, 957.0, 192.0, 775.0, 34.0, 0.9307, -1, -1, -1
2104, 268, 956.0, 189.0, 776.0, 32.0, 0.9308, -1, -1, -1
2105, 268, 955.0, 186.0, 774.0, 34.0, 0.9214, -1, -1, -1
2106, 268, 954.0, 181.0, 774.0, 26.0, 0.9221, -1, -1, -1
2107, 268, 953.0, 178.0, 773.0, 26.0, 0.9219, -1, -1, -1
2108, 268, 950.0, 174.0, 771.0, 20.0, 0.9274, -1, -1, -1
2109, 268, 950.0, 171.0, 776.0, 22.0, 0.9303, -1, -1, -1
2110, 268, 948.0, 169.0, 773.0, 23.0, 0.9238, -1, -1, -1
2111, 268, 947.0, 168.0, 775.0, 27.0, 0.9244, -1, -1, -1
2112, 268, 945.0, 164.0, 776.0, 24.0, 0.9242, -1, -1, -1
2113, 268, 943.0, 161.0, 776.0, 22.0, 0.9279, -1, -1, -1
2114, 268, 940.0, 159.0, 771.0, 22.0, 0.9259, -1, -1, -1
2115, 268, 936.0, 155.0, 764.0, 19.0, 0.9246, -1, -1, -1
2116, 268, 933.0, 152.0, 764.0, 15.0, 0.9256, -1, -1, -1
2117, 268, 933.0, 154.0, 767.0, 22.0, 0.9172, -1, -1, -1
